2983263
2790493
4361276
2247891
6713477
5956211
4960186
1897244
6310159
1432811
5658862
4975414
4268231
2918414
4474666
1879894
3334299
1085221
2375143
5553547
4708318
3384622
2094934
2164095
262036
3884578
925398
6399311
2656218
7173928
1771632
7203339
5667636
6122945
7344838
2995121
5781684
1339814
1544990
7329677
1815752
1376712
2722442
4431528
5869685
6150425
4593155
5623087
5312976
6825791
4090959
6997026
4094334
5391533
3564247
2962296
2066860
6385027
4004585
3374381
295854
3107116
2160733
3317910
5423354
5511561
6649589
5409945
2829531
3446095
168882
4576371
3668016
5933405
2792898
6228351
224423
7199548
2340529
5019263
1556773
5521337
5931663
2708074
3886032
1595874
618376
6386264
2899871
4709444
5744548
5589069
3060532
345972
5852722
3563688
1609599
1966404
844610
1188585
6080339
517934
4613288
3509893
1784598
108718
6757622
2565400
3514094
4467675
6125394
6042149
573919
5097134
3299767
4320408
1386697
6427722
2218273
5706639
332198
6966138
1901054
4913610
1299527
6303381
5150526
1914216
71758
6641587
4442501
6491947
3053945
6035842
7320538
6402822
5941659
4230533
3756178
272483
4925357
1905805
2826814
5439031
2749918
6087567
3612223
3075969
3777149
640479
5175668
4647394
303234
5838586
1149620
1402812
1828452
6486169
5552620
945362
3824561
1408460
7356339
5994652
7023811
2789315
6558281
1885342
1652540
5795898
3202528
5622108
1303368
2300332
4865854
5907015
4642815
543816
6788511
65084
7047769
2278551
6779881
1549461
6817979
6619630
5016624
2324106
5753610
673023
2417540
5931321
6183416
1259173
3156218
801896
6984038
5764292
4802829
6516663
214534
214537
6473059
2284715
6583985
327772
3550286
1015526
6498341
1285287
3954247
210904
4475432
5632053
1595040
6278907
1849439
5514852
6970345
1136294
7235655
4878331
5715180
2565544
6151430
7179898
7313099
7161945
1509644
75281
4079862
6097553
6253399
1142256
1432600
404299
7248858
5887600
2818870
4437452
2587802
6654612
1427876
2145048
533476
7030419
2180563
3568903
3107597
1092283
6478605
4226719
2832925
1033679
4866941
6298370
5757177
3618041
2387172
4403424
3849828
2661088
138187
4815956
1757859
7134342
4701224
3935945
325119
6252129
1485833
4201073
4692713
335992
4010468
3838547
3033967
4537324
2385824
6083451
7344747
2974375
6694979
1484327
5978893
2461837
6407223
2461839
6454900
1138436
5119720
70349
179620
41174
2359350
2273345
2526251
3547070
4615515
7065630
5135731
1088663
4869410
2984066
1049221
4347495
2033589
4099786
176216
7343804
1470497
4731237
4665054
1661439
6441103
4024111
5507601
5421212
2291752
6176843
1025072
5249800
1684985
3749658
2093636
5468326
144142
1251549
3261799
183980
346387
3612502
487206
4889097
2603256
5250610
2158427
4620138
4264743
4198261
2102464
5995643
6497255
3217123
2076249
4686924
6801917
2241913
2720355
6040648
1628457
6383468
7303117
6664306
5545740
2570234
7136733
4097430
2816569
3825515
6836111
6450596
4436084
4461150
6690504
6663352
4660955
4809751
4765749
7132749
5906530
6593355
2536199
747449
707537
6691454
890033
5723301
1517369
2416084
4859244
5462006
1192106
541112
6620976
6615936
612447
3126875
1822895
6324383
1351597
5775819
2437495
3581991
6165065
6580845
4970858
5478354
4827142
6849675
5183147
4421045
2538593
1066898
1204039
2111071
6812842
4234555
933651
3249278
687165
4219620
3512496
6169895
624529
5798958
2823470
5672485
5094457
1378027
5511094
1411886
6067345
967433
563226
6201485
667821
1845875
794884
6210461
149260
6732900
6385566
1300469
5713286
3290952
6147517
3042318
2525600
5941451
3083350
1230771
2330170
6141056
2846146
4247821
5011732
2384704
4009866
4352036
1928424
6383925
3281743
69196
2368327
7268271
3942855
3491327
3579268
4930452
2724874
5001166
4732780
426940
1415744
1441093
6260555
3117440
5068081
4791554
6342729
6054974
3099235
5161513
1810333
6586916
5161042
4111867
2980299
6244927
5939447
4743985
4295688
3928715
112680
61609
14860
7061279
1746602
6932386
3348082
5535664
3091798
6101697
3563401
5273578
4783972
4025180
1301797
1293912
4555057
343393
1121345
6606777
5339022
3608998
4272581
367287
5774195
6036408
2898707
3469587
7040952
5400719
6795223
2773403
6032987
5289965
662541
4631667
5053074
2090444
4490048
5784435
2878778
4810714
5950374
1610904
4457759
3731315
6013822
6990696
1174826
278042
2530621
5160393
3819984
5143329
820205
2229169
5994254
2893275
792620
4707475
365285
497707
860862
3447832
1701634
2499523
4949739
4805250
663499
368349
4442520
2913581
388611
3317379
424750
5508542
2678151
3690153
390997
3414558
4548937
365469
5336990
7267443
4408895
4083651
6610954
3749466
3705763
4603323
5622474
3047195
1591546
7129259
4736783
4566968
1135896
7199056
4206667
2657434
1724581
5947624
5947192
7046927
2650948
6924931
2349902
5161538
7178878
1249856
4746825
2048362
4323057
423472
4009678
1258719
3945120
4210130
3006196
1722493
4487331
3267472
6208491
1375502
2072754
1289618
6403002
7235852
4406137
4341370
3759983
1706189
2463985
7064211
3134905
4949122
4609
3523033
4129268
6299538
6457928
5980269
4782612
6176876
5341575
5286011
1302120
3131211
4589309
2552987
5853837
124705
3558041
3014856
5465825
4526254
1969849
649672
2737284
2539902
2771239
215174
1408207
1528710
4066393
6936833
1780622
3161049
2225934
5164826
2338611
1508135
1782245
6474708
6405823
4665753
5967207
4415348
6567255
5534819
7198164
6069964
4066024
5208787
7254309
5707025
6433906
3469937
4665296
1898323
2106084
3582069
3790293
4229115
2951948
3477583
5246340
121029
1275007
3718576
4717192
1739303
2049442
4938136
1086270
5159006
4081901
5837129
5314477
123285
5421414
1145189
6879412
4907412
3066519
7019499
6119822
317068
433470
31064
5170483
6253508
4106280
2005026
2603279
2917302
4937592
6365123
464813
1223940
1340900
1697717
3092339
3057741
4761493
1876143
4870546
3566311
5894555
2554581
3857546
6650635
144991
5041243
3646515
7123679
5576505
5575339
3698101
4442261
3641431
5962494
238448
2729126
774067
6559679
6072069
3832962
3990894
5514461
589945
3990543
3190290
2480077
421006
1007788
1243184
6116090
1209387
5124221
1346359
435734
4395546
2056077
4135670
3914551
1587046
5922948
6988821
1957330
5243978
6688471
2875702
3218858
4970870
895200
469233
3855365
5608193
1075837
2641726
131885
7051397
5819645
4335195
3930416
6809097
3744187
2626573
1245175
7105694
1200271
2982717
366990
6715327
1010006
3745587
3882843
4922785
5847398
5480428
543990
5672978
6348426
7269713
7337923
6442965
4339691
2549044
3631943
4211679
5451073
3477009
2949981
485385
5984336
2489643
3231443
2131037
4481868
6553223
575459
5465398
2948589
4280375
990326
3741120
1082547
706830
2130926
4557543
5354791
1088858
5725720
708195
6104957
4582820
4378186
818529
1379170
7182841
3092696
736050
2334319
4914401
948842
7354970
6217948
1178078
4713751
4598663
2568897
1387387
7061476
2998047
2164368
2714963
4804685
6339864
5792848
5874277
3505429
2436053
470999
3523203
7160229
3293893
3137709
5500372
1650366
1054119
5638799
5975562
2900696
6296506
7330130
1131705
190196
6198603
2070512
5591098
6887902
6978393
4224989
6315294
324514
1804527
4019237
626483
5143056
5660877
6915460
2010559
6031439
1733770
5721803
3293761
885839
894592
4244251
3998711
1319393
4999167
1287551
1192352
4653111
6152696
3171335
6232366
5951773
3785026
2341578
613605
4034229
2030520
6701738
7226400
7055399
1746623
2960838
3821223
388457
5072535
1596714
1439776
3131468
930128
7253462
1374868
512324
1036998
6336274
586792
3727110
1223630
3086364
5936986
6850029
1479822
5966653
2557064
529665
2295939
6788263
4731572
2955878
4360087
1630374
3015073
5596103
5289152
5972487
3787691
2485545
5249612
6810610
5804337
5559290
2770422
1141450
4893427
5189828
3176318
5177912
4237481
155190
4535539
7271605
5240438
7014748
4293289
3672945
4553475
945854
812699
5280690
1227978
318095
1398861
601094
7267935
3250099
77061
2849494
4458305
2105149
1889659
5333893
589208
6440772
1486354
3007802
3300469
6438254
1127018
3595058
2184554
2660622
6327683
5213829
7128058
4781948
2850690
3291929
6198983
5341555
2264445
7301639
2191115
5644109
3227233
5505933
3680692
4530967
3113172
4880643
3009152
306713
581123
5136006
1429473
2590747
1449149
3650889
2828813
5902572
1214603
7300778
6053192
6205218
4475967
5484076
2252808
6749370
3055506
3606886
6104560
6118080
6767740
2662996
1686480
454125
6972597
2689278
3977603
4160003
6924622
429483
270500
682728
6892741
2061046
1825794
7341190
4419560
566513
4858472
6024081
1515622
1981996
45062
2756412
1422737
3548254
4674988
3538518
5893705
2369475
1266965
6306033
3682690
734981
447950
6879382
7102716
1913670
2885399
7333503
255752
2745541
4237105
6408767
5181923
4282309
4910595
2332806
653300
4835331
5203510
6948607
243193
5809802
4686730
426269
3421562
2083265
506183
1367276
3907067
2670804
3068816
2820216
1101023
6370381
7084080
3247056
6029974
5161724
5734835
6579494
7315603
6698368
3477866
1809326
4706483
6040603
1859836
364670
1616987
1212032
3548926
2360951
6272756
234527
7090398
2703887
208627
4480338
6297247
2150581
893806
2923794
1256602
2852405
1486189
6011799
5211502
1577984
5845670
2433770
5832478
474608
143387
1358032
339485
5359075
5924298
2154079
792684
3651103
2341386
2104876
5558821
7174275
6022482
5849566
3056411
126367
3096487
7348915
7210703
2935540
1069419
5591903
4474521
5759728
500803
1137450
1685727
6182615
5002486
4310778
6529068
3401618
7063371
5095104
1583239
1475706
5114095
4402512
1789906
956164
2750920
4561477
6414678
4439930
3251557
6763659
4002269
2947125
3054714
6913705
6151281
5347403
1379394
3176841
3427172
4252367
378153
6871540
2983282
3133847
3223366
5148248
1136930
7111176
3276587
1896571
4984162
5005978
1906038
6495635
156979
6729897
3303520
215819
2450507
1066504
3611259
1245158
3439742
3847905
377963
1872924
4253182
2057099
6647200
261502
1217128
383060
4520211
2079224
3858192
3865740
6768790
6616170
1692415
657809
3627183
2729509
4669459
2725343
3967785
2725345
6202060
7220356
98887
5546699
790234
948647
6133571
1423655
735914
1798301
5971448
3427826
4077007
1318773
6435256
2013665
2459182
5648899
3246048
2145832
4395029
4518458
3246044
3451094
7083645
3563446
4455712
5068730
3995621
5939133
5164180
3528333
4934472
5196044
827547
752849
6844687
1803791
5634709
5079093
2007279
2385650
771025
3098507
4991370
2598114
4876475
3079105
1646258
1259977
2923307
1652070
4551928
6564117
4532542
6676367
1222529
3894358
971562
4367511
5139658
1505782
7359119
3149456
2625144
4381572
715140
4836517
6565035
2307257
3129024
6548091
661850
107031
5554795
537333
4251115
884232
2839693
6164259
1475113
2403373
4775855
7329098
1513383
4284842
6339249
557892
1810976
4155351
158135
1065796
2396102
7228354
5309954
1143427
2115234
1780434
4336234
230157
5202126
1033831
1793480
2661195
7311871
2621242
3812123
858432
6015235
7231642
1249819
6123484
1920742
6376175
1193288
5034218
6444071
3475262
6532044
4496130
1568692
1841364
2496695
2943101
1378944
4793239
4911087
3365457
5903611
2579586
2735901
1985983
6971840
3040388
468193
5052943
2065366
5213844
4669848
2696657
6025667
2771157
5241188
1214590
3171919
3290051
1590278
6277417
2914979
23964
3329378
1314301
3320209
2989822
6388638
3119610
891581
7217390
873591
424422
2134493
5315351
6053422
2882604
2337307
951127
3153689
4845014
422214
3937655
5298964
2793286
4597926
5817718
330963
4797443
2581931
5490590
3768871
3978160
757942
4022000
1298438
4241988
3712216
3144948
6785134
3417534
4342820
3417538
951532
3538289
4378080
5374335
95414
739918
3713744
5828292
6897311
2851967
4371750
3739149
1230031
531318
182207
5674481
523836
3350238
3863216
3775334
5458953
7253945
2959026
4728864
4917251
2366897
6262641
905702
3193942
6609922
5193066
2151616
1834759
2689524
1290247
5761107
4245663
7272625
6064932
563351
6219416
5980717
6961069
3977975
6226566
4456381
2739488
5430042
2470404
2060622
5354753
3816698
7135985
7314026
4394056
6750603
4215411
3696151
6534005
6011556
6313315
7199385
2126343
3885820
18335
3834560
1179888
20311
2371199
4795372
4751132
1992417
3894290
718876
5460212
4024174
3048066
2367328
242809
6739552
6726845
1830704
5988783
5231613
5842933
2881450
625147
6601113
5567324
1150144
1669483
29067
3341265
129622
5995374
6359787
7193003
595468
6288314
3063381
783610
882794
6929738
647461
3305579
6253589
4316936
5096782
1816394
7227010
3510543
5781816
2543901
2366633
2641760
733969
673208
5800221
525034
2698202
2668118
328937
4444875
32893
6181769
7076297
5867499
4219641
7352910
161363
6438590
7243426
1558956
2640231
2184766
7307374
1470646
2704106
5015435
2877522
2325910
6144001
2007756
6222850
4117483
4971271
4224787
6473672
5398695
1971617
4648781
2228042
6024781
6398663
3058697
4626884
6667945
7018624
2590975
6326942
1097029
2831796
5890185
6489222
832247
744092
1836954
5684938
5941602
1624700
5406776
1755088
2431776
3142077
683358
2347280
3475927
4267401
6867842
1808688
4384878
2012028
1097795
5259164
4396755
1815280
6257654
2201025
4378278
3583699
6974068
2115852
1588281
4567882
2368594
5820710
640580
2375727
1106222
2225913
3261758
1155519
1979647
1834836
1488370
1822670
2838109
4786743
1235817
704227
5168965
3861950
5407421
2135597
4409816
4885713
1837035
1949439
721117
5717764
1096514
6200113
5079077
3235122
3388093
1414457
564387
2449807
4088686
2437324
3076925
5950101
2613424
4374717
7019509
2924403
3104317
2023866
2113513
6743750
4988284
4528463
6009133
417874
3741768
1399897
7122754
4330471
4700836
6959554
373957
6067461
4963608
3526370
3702436
4723277
6236042
7097652
344532
6221910
2735034
3997311
1111769
4035131
2853881
1793715
590822
4545077
2606095
68534
6117046
3823991
507646
6475264
1633224
4516806
6068285
3821622
354974
1700525
2689886
2763371
3812452
1979005
5008581
3654840
5110938
5393155
6640100
4671405
1295869
6827362
521036
5033517
684647
5604372
3401134
6430560
4067022
6807683
3829775
4580195
3883560
6284095
5561413
2766827
2242200
4326190
6771262
4103303
1995196
3361737
978762
4739801
1611820
4207626
1963535
5225847
1887894
2363187
1492104
215443
2927986
783157
2550833
7210570
1799386
2892863
6422677
6975382
3969588
559168
4812174
7179548
7260799
5930893
2877087
6693117
7231842
6499079
842346
357287
277092
413406
2066967
7196815
3479926
5364076
7099436
5540210
3719881
3851959
9131
4110560
7300080
436311
2525044
6511493
4359399
6604115
247011
5412179
1917153
6648647
1751828
4920925
6448353
1151866
3010665
2455885
3294313
1229566
4033483
3725344
4411484
3902003
4562596
5879628
1504730
5338647
6031591
182321
5937037
1392010
4601103
5777634
2919366
5022860
6210370
884223
3338501
2479830
1508197
4414505
5602501
3562724
7265461
6702216
1548932
2718556
3776402
4283479
5720472
463338
2578337
4403062
7297800
1011696
5072744
4007696
2455220
2694082
551961
4086996
3696179
6531274
753473
1773877
1914174
7221786
4173828
2014376
5882253
6244629
3824461
2631586
5446715
2203827
2648090
4208243
4244331
6203474
2176259
2179660
2910813
4634265
4351777
6350851
2703608
5461411
109582
138811
7156948
2243732
5102387
6858087
2648895
4503363
4985722
2434672
3159755
1100221
3085465
3025159
2742993
2114932
174295
3244519
301148
771611
1406342
7023938
5055972
7256668
6388428
4771386
3410174
3966113
569627
1771921
5969050
5444859
6765374
7051335
4885630
6987481
5233823
3695736
6916605
6280238
3691477
3500282
1323701
4616614
7256444
7256443
989461
2996726
4036027
6194435
3240217
2880748
3240218
585032
3414256
1444948
4678977
2790478
6294250
3742860
4259726
2806401
2375923
6106402
3031169
6798711
4793062
5729842
3529003
5729664
6425318
4198623
6480545
3586937
4475514
3938951
5458367
642459
4623385
6489797
2316228
4299594
3159981
505434
1171167
5926979
4387449
2330462
5394811
2998398
5098065
1340754
6342051
5772454
832361
2136495
4135962
4578680
6508725
4211699
6975712
3660317
2926650
6822100
323659
1477234
1613099
2449873
1604858
1053123
3368260
4954559
2934136
5521685
6514183
6492326
235235
1609191
420978
5780287
1063096
920226
651213
1868571
2365221
2013664
5497357
6243646
5705228
7148298
1066101
6357442
4605715
783959
4366449
1454902
392719
3973310
2635658
3101527
5207970
514248
1419427
5971772
320300
5303486
6267773
1062953
6320312
1346588
5745291
6921840
5466250
1742216
71261
7224249
5484781
6625167
5037278
3987350
2960891
5568010
4916271
2613911
3565620
752995
360980
6359486
7253156
4435393
3100343
1817095
5660764
1601573
4616869
2796430
5951642
7325192
3567672
4007120
749621
1010891
1676522
5938952
708588
1305613
1531367
5175571
6945025
1208605
1089100
360189
5013729
1613762
4122761
6441228
6958917
3914222
5522102
1259312
604779
4591830
3450549
4425157
452052
3749170
7242510
303202
637408
3501032
6826343
3535476
2009658
3535472
2398770
5995121
3458791
1744680
6406908
4010964
779631
522201
6534217
342895
6801785
1203400
1361519
1322621
2773590
5852884
4213194
7284173
5436752
6740203
2572643
1262811
4124500
4775880
5400041
6976826
6471424
1635366
2958436
3677562
5533929
6345413
7210083
6168805
3855247
2443265
1105421
7323596
5982770
1140349
206688
2596667
7066588
3270973
1351232
5946576
467511
1927035
1998263
6088109
278398
5067851
3357023
1549357
4565077
6882744
3721444
2888029
6127140
6930151
4217347
4742987
4907823
4387637
2724248
5449904
3314387
1524302
3768386
2482288
6715132
1240732
5361577
4675872
6079099
1708505
2114322
4799763
2571691
2397714
2654887
5112046
7239609
6238530
389323
3622092
2623257
6239117
1893360
3402491
104619
3371092
4399775
4622041
4906248
6621805
6621800
1872551
2430807
4910062
6452283
5851965
5552935
3385477
4150695
6584387
5663453
6576263
5858827
422708
5940936
4838475
5001641
3875547
6222246
1404700
4238391
2060193
3439423
679203
2158865
2708594
4680666
5011470
6900708
2580269
3463714
1559819
1526223
5491178
5543459
3215151
3921152
2747077
6694623
2922755
622153
1096256
3646386
5842623
6904420
1297176
1290385
2133690
477004
4920410
1084945
5280123
7298460
2455209
7296199
3400384
3302447
6776101
3220108
2839957
2663407
2857698
2070632
2196229
33266
4965489
3869711
1071773
6850742
6012890
4695828
5008843
2425662
2607640
7123367
5840020
2517176
4689409
1229053
6155905
1837267
6117491
4660359
4243784
3022324
2178154
519414
3438922
2558947
5710062
5897023
1215323
7155891
1279885
6248296
763460
6635356
3961063
3920420
1530997
4158769
5243208
2275652
6727427
4775376
3308740
3719251
5269814
4069980
525787
4072859
7143087
3474219
1850948
7127064
1850761
4259837
6164173
6615134
6100980
5143969
119675
1425407
2425126
938773
4494488
7035383
2442657
4086184
6433089
2378502
3291269
5189073
4410839
3765717
7329476
5476389
1383223
6604644
4581143
2706479
4139353
2876258
207879
4738412
6934519
6392505
5530337
2261080
201079
3177417
513928
6309637
4169776
4437734
5867368
4878279
6636212
3477492
6256616
6900396
929715
3627160
1642159
2427747
2123356
5471735
1218143
3473345
3347263
6166432
6629611
2264288
7242376
6345203
3834082
2388571
7150878
572215
3320655
4335348
6141741
5565325
5561609
3837592
2049344
3831299
6235321
5138455
7157474
5491816
2761006
3199747
6665777
3848505
5663868
5824042
2320563
4368526
1937190
4925209
2370319
6762945
891838
1530202
6810106
4715866
5369303
6227946
4598559
5993194
3958317
3983949
4846551
1692386
3404637
3429951
1997831
7328659
1538198
2117674
3480319
6252518
4691821
3079302
3456207
7198069
5289457
857208
7180917
190449
196874
5076781
1360244
99047
2865381
6983612
943177
4789875
3739641
5708888
6500903
6591319
2453696
29418
3684514
4232858
6387710
5355452
4443491
3304469
7037208
881390
5713955
4538653
3631243
667507
6649717
2666448
2537162
2420860
576084
1247344
6446349
5933086
4015022
1787108
2880931
5317646
4706897
4851171
4012252
2692442
7063567
6820094
5900085
1902489
335395
1214433
3662745
4079444
5559742
1265660
3564912
4377229
3388584
778522
3419544
5741516
3244673
6631088
3004343
2115529
471131
713577
3149569
5941737
132299
5317926
938647
2063262
302811
2799055
1359293
5527801
4296832
1268440
3692132
4408045
3314622
1905950
1479717
4138652
3130632
5365297
4356468
2959153
3589302
3425818
136048
6310633
5667714
1493815
4165331
3733049
3218975
725154
2293897
2221271
6954569
2381867
5992451
6088120
5341889
2592033
5015395
504629
5109696
5973467
1648808
1470405
3569096
5030353
3436059
173033
3949516
2359774
5604881
6826323
7071528
3772444
1778191
2496051
5028050
4747533
6992134
86251
4991481
5090050
5785213
3121352
6946680
3009847
6914966
1576626
4705770
6777473
5352106
4761083
499012
4018193
4440326
3741021
6288039
2903902
5280819
6643629
1185236
1733720
6533864
3424992
7031366
7337235
944793
491427
7217003
4918918
4522576
7141696
5756332
4232115
1643966
3275224
7233951
4599018
3087407
2688499
5082937
810629
2448260
4167173
5864514
5812455
1577579
7240548
668176
4591570
5233287
332350
7228308
328782
6257480
791395
6003300
3345825
6071029
6310833
2070387
4113075
4099039
7207512
2097396
2016592
57676
1553932
7212786
4336617
6721818
1309000
2264807
973256
4443809
2904547
3081767
6250385
2198061
5176170
5893787
330854
146021
937693
2762943
2298767
6446052
3306507
5383476
369242
3341238
1150064
5990369
6764355
4156718
1087433
3578071
2101832
4313255
2107663
4411992
4101625
2874011
2213882
4419433
1067400
3447287
1170105
2103967
4938222
6988086
6955282
5755304
5161858
5386602
4813870
138853
648324
5119632
1566824
4215262
6613880
6895793
1880466
4497583
5481792
1109576
2762252
3359898
2122173
700730
6019061
1465101
6887253
3131708
7003252
5788431
7045858
3726119
6355243
3185056
2215487
3556632
5385136
3909405
271725
6689548
2939333
5781390
5943539
4238276
4730587
955657
1144528
189208
5831729
6611104
3028069
5532829
6434835
3267894
3899671
4107378
4891674
5291815
3859999
3556987
2258676
6021643
580135
2442639
2870579
6373820
6087803
5264037
4883458
2239960
4699509
4018837
358035
6529798
4432186
6532141
344065
7352681
2007591
4628670
3644153
872562
3579556
2301120
5298785
625708
1651746
5860421
2183439
4103272
4672851
2549392
1218167
3453335
4210381
2806912
5070375
7084829
4754115
5198946
5004006
536545
4821502
3330485
2892415
3912580
3558679
5138120
1482372
5734305
2299963
2172434
2852907
5157413
5928227
4629936
5796770
5182412
5954854
5589802
2317929
5860289
707015
2743908
3681082
4705987
253885
5557266
7286522
5865070
2230788
6208168
850015
6092347
4223147
1529762
5773364
6772786
6120383
2653770
6882025
2555413
2179116
2333896
4508218
4208708
2623098
4783136
166020
4876345
7187269
5543138
2795523
2784106
3469579
4957026
1324653
3326361
6419970
4214462
6797969
5574535
2613958
5807505
1148866
1904014
3394158
7349611
4232870
368380
3293122
4961669
1031317
1331467
2408250
781405
317387
6661189
1952085
6978638
1372271
4771608
5720556
7048520
6705564
2632343
1386364
7068821
4575486
6080240
1877642
211421
6564337
5445639
4709530
518917
3004582
3440225
481837
6984253
814423
7263507
4309792
2789664
5487806
6639209
3141890
1182046
6039191
2082030
7351224
3623171
5963243
1451340
4497705
556929
5215164
5042811
2713683
565149
840758
4003360
1867401
1435702
5424729
5736537
5433091
1777473
2200906
3318380
7126032
3871162
3233803
3960408
4727738
5230757
713262
2294100
976760
971388
5716910
3267124
4410488
5841433
4469967
232249
3453232
4987805
5067978
469649
3529920
6240087
1977131
1827262
7051299
5456455
3936217
3217287
4564296
6874942
2475221
3433662
1983937
5088483
6013714
2592014
2320914
2278904
7201458
1693952
4152734
7189059
977383
2006872
6277490
1349325
3266832
6577375
2596485
4483218
4252265
4637831
486239
6592507
2496700
4668970
2373114
1194983
664424
88143
6145
1051366
5140157
3348089
4290285
2321757
602184
354940
1425217
5275162
249058
4564928
3074494
5557721
2314598
1602165
5165625
180374
6429608
2264131
3020900
2374843
1907609
5136602
7228603
3656582
6621368
1624800
150766
1958084
6178783
1994246
3146458
2363993
7202907
3464508
1253769
1516009
1643906
1105880
2707793
7176834
2636406
2962845
1706052
1091863
1716025
7274206
7301444
5665376
4759542
1217354
1368462
856361
2958038
1732695
570665
3457369
6313409
6686073
4209860
3241730
4451484
4752811
4735352
6685255
6682976
2319358
2908383
6030958
400606
994619
5323406
2556279
6569601
2980579
1310066
275142
7124041
1234222
4720247
4656171
3136474
5858736
2924907
5010290
3484975
5193353
5235667
2312301
2941139
5753856
976570
6631846
3069159
347816
2450994
4615285
4389490
6853579
4091775
3066882
2677474
7196271
3213049
4071269
6008342
2961710
2691675
3127138
3711160
2345121
6589120
233726
1354982
3197120
5141302
3917167
1311229
4898087
7143516
2274034
5597451
1049648
12481
4162866
5568846
5424100
7016442
3288015
7039909
6828132
3127907
6437138
6765467
2821891
5895570
971246
2772077
653873
823422
1583879
6362267
5207478
4058938
3732219
1144541
4567853
3052809
4472496
2771740
4361505
4274196
4132280
229452
6339456
4421866
245793
6951499
4464715
2136651
796137
1354572
646227
3092224
5958746
1728413
7036477
5281603
5763124
7226947
3952434
121806
4213547
5453374
3122283
6309985
2643341
813608
7263338
5818707
2347177
7182089
3594825
4397111
4868899
5943180
5514201
4660829
530600
1528949
3409107
1943022
3965895
2078885
6137583
2553485
2062946
4538951
4746050
2353336
4343767
3728141
4356636
4129418
828533
6193149
4769651
2343414
2655591
2038120
5677819
2414719
601843
5755729
2591041
1860518
5690049
1518566
5832056
2857633
880600
2507147
7095909
5182432
6643188
6357641
6514693
6732293
2743747
3768953
2956235
1408854
3846703
5573806
3151602
933018
5713737
2552684
391931
1712038
1324259
7220513
5606000
5283267
6457333
3789387
1929952
7221643
3404942
989007
1702506
1819782
458265
2024511
1134452
2427939
4856579
5491850
5629812
2536724
4608282
5278635
1161960
2199272
2353199
1588935
1853592
6506049
927281
6293113
4755636
2609899
6551599
21251
846182
5442821
340016
5664080
4052039
7309278
353336
1128348
422589
818218
6265465
6035042
3860587
432429
3434441
6031746
5663784
3950975
1922236
1802822
2386706
4984069
2151062
1610299
6456828
3355219
7228047
1393584
6981808
3175412
2873004
6932814
5401811
4396803
1405757
518930
4729725
4644910
463580
2290584
1315735
3313098
3108195
938933
20078
4050763
5838704
5915901
6359425
4509329
757504
1560955
6049627
5513293
1464467
3648434
3639958
7227397
1019624
479343
5816150
7208494
4459923
6525007
7358153
3844833
5830751
3667901
4049461
3887690
3998421
3023718
3996664
5719105
2640455
1735432
993239
1806014
2150331
2138035
3783019
129726
7108735
6572873
4691378
4580118
5587670
23677
1535078
6916502
5694280
3109958
624496
6521858
2490491
3356875
1406222
6277305
2614877
5552774
4799770
6471238
5212082
6874968
2780322
620183
3934902
2987625
328111
4417805
7302369
5361625
1571097
3402150
3445365
193307
4663282
4324501
109085
4908094
3629435
527378
1934814
4002432
1236518
2617529
1904397
3370749
1198287
2735616
5891260
3183710
7029875
6923870
1495600
5038679
2438464
6134249
6186702
318275
3316941
6788281
5462722
3558862
2314025
859184
6655437
3753901
4943964
3808814
5946264
4130345
4566543
4533643
3574496
2599060
2297183
341714
3442320
5444029
7230241
5062867
5934572
7006408
5026768
3618221
5400981
96505
2544832
1958500
6716559
7050897
2339100
5323642
7050193
3563593
1528623
806972
3825985
5544867
6070655
2634771
538840
970992
4614137
3106259
3360971
1276378
5917422
5354951
5430533
837162
1859077
3486622
1941263
4970467
1556789
2834247
1670797
2690729
1449723
510791
915127
6987365
2904509
4915632
6331250
5991945
769559
5060694
6101538
4242833
5407749
2882733
4573519
7027453
5121074
2288357
4798254
2201817
4916247
432092
2634828
7193581
2967470
4207063
193090
246517
2460074
1858651
3853336
6267495
6290848
963716
3444914
478756
5274463
1296240
1631688
3341114
6382805
3162855
2495725
5401967
3637724
1298373
5140236
3467181
37740
7338057
5472407
5493017
2690795
3702519
3729709
4128120
283244
1994422
3756979
5199472
1447020
5179762
5633590
4665672
4764295
1935862
7143791
2407438
24371
4106356
2057439
2654079
2255254
5170577
4848144
5412456
2585295
6653055
1080127
339559
5994388
5125829
4466179
4690764
6033805
4074567
1622968
465517
2203715
6545656
7276151
6942659
5668931
6980202
2979861
4402001
5405298
4003282
2504610
819655
4305734
7359448
1369617
2336483
652326
6195834
93748
1190856
6809706
6611142
1271480
1669750
4542705
6213577
2805226
3361619
3459117
5132397
3226591
5033785
6162214
991182
2934354
3049396
3743953
3967744
5195504
5592584
4821811
3329230
738680
6431117
4982372
5508599
5993979
776401
2004689
4006701
1393919
3102459
1879213
5241440
462390
6079484
3465553
2988274
4382548
4423131
2935591
3474589
5573829
5302522
4884664
1421489
5334274
2888728
97069
6777791
5489827
3346156
6763074
2666920
3402245
2185524
386709
3938514
6372881
7353220
6971906
571720
7047061
3555660
3343670
4617635
3194617
4066148
4953968
6939431
3903547
6474447
26267
2690876
890458
6974511
5738643
4861250
152885
4601129
5423338
3632036
1967559
6352405
506554
3428597
49631
5148645
717817
1689243
358435
4666248
5424907
6387802
3513961
6510867
3120581
3948168
6264090
5853751
5802688
7190968
1244573
1352215
4858307
190200
4458833
4820058
2691381
3668228
5485110
919605
6315458
6360236
1002781
2980382
4751314
7088238
1410244
6839036
3890095
5351044
6087096
4816476
7100976
5537333
143732
4187243
6860507
3834358
5465053
2120804
3305026
6031236
3596785
6948105
360904
132277
3644347
4765804
2559400
4615892
6289057
2323382
2686475
7123066
855179
1481968
4925262
2187388
4894201
3692191
183573
1380710
5064626
5994836
862136
5167085
3176002
6487908
5937197
6526805
857823
4075086
6765050
5823665
6723450
674820
3244389
3252923
3788612
7082166
750511
3326737
3628854
2073955
3400827
5096241
2554000
7007811
5504703
848578
4758871
1510166
1055781
6611685
4345079
44803
1236532
6261818
6311610
3808704
1146515
5333921
4082038
4971132
3909949
398885
6231631
3286954
1227082
6832172
2611904
6475822
435472
5682606
5052980
3645481
3864198
5165951
4768325
224368
5548219
4312847
4154913
1094150
7159826
3036327
1273090
7060228
5930921
1622994
1874011
1874542
6768328
2845307
4009728
5582183
5304897
6063547
1618135
5573602
5835182
7277658
7092382
556897
7150406
2661710
3455701
1954302
2850035
3360954
6841448
7046081
6391366
1472113
547533
6080078
2879893
4975253
605492
3480135
6960746
6626754
6211896
5218154
5651056
3200662
1607570
3691078
6345051
6201699
4026547
7101603
1794801
4522849
1474847
5497236
4662603
1804337
3494773
99387
1984045
2124720
6298847
3771610
5500567
6853830
3782970
2884626
6679240
5718750
6113170
2159249
5753814
2684747
2040825
2030630
274400
6772955
1643058
2801117
5355771
260047
1495224
3941773
6390363
6956758
4817089
1660349
2905346
4434246
5568134
6621991
3167677
568448
2997527
6905278
4137418
1417929
2903298
2348778
6407917
7154870
407331
557110
4760063
226426
2666529
6093596
1329967
4303713
4547354
1465899
4736170
5736904
4512472
4854795
2992575
1593359
1148589
5009349
5977280
3430517
4988430
3205413
4142585
5744229
6066158
1665448
4518019
3727650
1547817
2783734
2566826
6586438
2283460
6713648
6040425
1749309
2051475
447050
4698961
5511916
2701179
7014424
1602356
2578751
1553192
6310418
2505508
1634086
2929081
5784481
6985193
145198
5100564
3535736
2803493
1369630
5760870
385279
73136
165062
2922839
7137179
6206555
3387853
1440574
5028102
4421820
2916213
2807000
4792168
5198326
5453652
3254348
577667
541027
3138834
3418060
4293900
3381458
1475944
4551761
5449756
1450426
6798041
4199696
3315202
6483763
7175473
3733345
5265896
6758459
6451594
3412777
2032612
4379725
6046186
1295078
1134771
5498162
1144840
7256244
5095075
1014383
7020679
4269615
6777773
4173248
7041523
4034736
235780
2617546
3312667
5431632
335817
6549283
4287503
3906869
6961371
3234074
6674556
5233793
7163577
3187996
4277932
5471650
2349840
6888820
5683438
5735011
4202440
2489283
5602187
3540325
2883832
6751590
2892077
305671
5488330
2873621
6714767
654079
3577231
2199580
899746
5252300
6150024
1521446
5702475
5011310
4591477
3177509
4004986
5925006
7287145
4000608
6394091
2680418
1856248
160659
1466868
3718723
5125
5289327
1179458
6750706
864540
2470707
4633897
5369077
6353085
3679798
6908315
6966680
369365
725805
1852281
4619066
5061384
3078297
3789186
544056
6550685
6660569
5124141
909962
4750751
5669594
2561147
4825973
6386481
2311813
3647943
5473431
1022405
1311100
6850467
3122167
752065
264590
7090541
3656035
4265159
3581019
5634633
5238004
5815696
2863820
5285110
7154687
6014788
6839418
6956253
5870526
2750262
3059249
2222335
547895
3219540
4349667
1446643
847026
6871409
4949648
178052
2366553
4612026
1707573
987417
7257928
933918
1946443
5751473
3926082
3719043
177946
3262772
762793
5957992
7303450
7097703
2971681
4170070
4588980
1812150
6538026
5452267
6419075
632769
3674675
66100
3608229
496857
5628938
3216824
6144304
5310534
4972136
258891
4188795
1870205
5466203
4907552
1425904
4760701
2692007
2368308
1994771
5947714
1985448
3908039
5357263
3271766
69816
4394546
1160184
1231551
139149
1170442
6530560
6937902
721898
6209119
2183491
4009744
3809670
5662302
4472350
3694672
3389660
452954
6305202
3413363
2734510
3431808
903004
7158792
2729228
3839451
6012311
6412936
1680721
51201
287663
6809518
7047677
6970887
2802602
1416396
2161900
2180707
5400901
1651917
754964
1412895
1586149
1905249
5267825
4692163
3554210
357466
6901856
6404682
4047933
4880532
413993
624275
2902419
4291313
6978832
6224423
3323141
5846737
918914
3499911
2240693
727320
2999854
4842951
2130287
1430679
3771635
4846279
559561
3796626
5550882
5603135
2067444
2165130
1598901
5163984
204307
419593
6051773
4215967
3943446
5206548
1717353
2117199
5139249
4431776
5265282
4384066
5900571
7359809
595875
865554
5844269
6782547
1045242
7359805
2164080
7336226
4440765
3703354
2070306
1489564
2198793
4764709
5400780
3272459
706444
4154497
6036147
4582728
543552
4319169
4736152
3317741
899546
6586985
6942657
4352535
3175571
1966324
157571
6496214
6036720
2874180
4586774
5000887
5646796
1101625
2885206
2955717
7239843
1178915
1281933
5638083
1290989
698733
3963668
6078043
2049759
4028857
2674140
5442054
2966986
814167
6674537
4549969
5499763
5093993
522122
4502894
5776975
398257
5046301
4097831
1484943
5942998
4003247
5795369
3593714
3860217
2933817
6890072
2182834
1464147
228838
5222773
5456332
2993952
228290
3259449
2739127
7324058
6807580
2214837
4456770
3904636
5601248
1857967
4837855
6654240
5176547
7045761
1510556
1670746
6842041
5939430
4939274
7009696
1141641
4048546
6482788
3128167
6115341
6444280
2056752
1603461
3157779
5859520
2579372
2752326
7333827
5586326
87500
3856879
4774164
1946101
2786298
1523824
7284964
6205174
4826499
3955733
4400117
6788563
7198384
2999190
4649496
6759697
5905306
1165746
3316517
2694578
1231552
7291308
3551906
3629739
4203406
4915882
2768188
3902365
2061477
3748615
5192014
5594559
3940203
1185546
1055374
5738357
2199212
153068
5712265
4404140
5801374
6019670
5648989
2317438
311883
2892720
63190
6136341
2317432
5694819
6398284
2079516
1220474
4842294
679779
4573789
3503435
5263842
3246842
772588
14028
6143018
1609176
4347427
1001525
5564788
4033329
6550917
3297053
5026231
3761479
5490564
4515080
1299722
7115824
1254753
1847383
5473633
533800
4244050
6795118
4057128
4526559
1699499
6963817
20548
2039835
3266617
5438578
4258516
7101881
393141
3123890
4186075
4775058
198608
2599971
3308395
850455
3943167
54742
814310
7283628
6023230
4728529
1847831
2107490
2519526
4955876
3160612
5251350
3662171
109355
6016657
1596338
2116638
3131339
2740741
2431232
283143
7087984
1026071
4641514
4759717
4038234
6780171
4350566
6641610
2265930
1915014
1940747
2177035
3252964
7149493
5501329
3645473
2557154
737283
2430302
7129126
1425520
7121872
971432
3574960
1135632
4823819
3393569
1209483
1481251
5995960
6555984
465476
224147
1820430
5065284
3818982
5956597
6508240
3666152
6212036
4859709
5800815
6671806
6145982
3076672
3745649
2842174
1218041
3189152
3175333
663936
5448636
5893640
6299037
320850
1103181
2357311
6716068
6181118
989524
324000
2395930
6726559
776763
926894
3401048
2668922
2942942
999781
3803746
6910467
1718556
1770650
1321126
3267703
2433459
3479723
1975074
1607025
1772876
2852429
6161640
3240009
56778
1059052
5890157
5046952
2293238
1328403
4250843
589077
5996682
1499510
6971951
780053
3781150
2833233
1504206
7201230
5046471
1648979
3205270
5715775
631202
6213078
516785
270038
2230645
4414874
5930632
1036330
6093114
4246779
5547289
1672881
2280924
1445637
122969
440342
4778643
3290695
4519193
5635933
6767854
6546110
6329265
5752102
2531109
5543052
6921945
3247781
1414048
6295841
2000884
6356697
3914923
6689135
671204
1135030
5560019
2321311
2812151
466575
7125972
1495262
1599076
5159518
4334686
3194463
3925257
2478281
4964064
4792696
4394413
2901687
3659180
3659183
4017238
5039603
1922330
1867814
4869563
513280
3775047
6814397
2822361
4249229
4657624
884130
5402340
5548731
3404787
7175922
5592346
3732567
4105009
720322
3809107
6212938
1964616
6449967
1574309
1777772
4656530
4412099
919457
5351142
2433219
2754751
3439193
4669094
3534934
2653905
1623400
6932046
1117018
1161466
903645
5087471
2922601
6004285
553321
6626001
2710695
2503998
4681196
5482276
2176516
3577001
3834128
4230568
4286380
3559310
6281529
2933831
547054
4124404
4135185
6063771
6977925
1445834
1501803
992599
2157061
1488756
2955829
2358639
4345264
6766957
914835
2004550
5184368
960691
2600940
3314094
2880496
6874880
6989228
4882858
6214526
2104948
5314749
183074
4132973
6840512
1246714
6562652
2136472
3616038
4409223
2040274
6817571
6349994
1645646
2337843
1912383
12517
1583301
2193501
451907
6395099
6746208
5049238
952554
5518830
749161
6371302
1523800
166515
3342039
3774494
1536650
3676779
5074748
4092732
3201803
3793279
1079981
4865795
50602
7147386
7119917
5566768
1050240
3138873
1607254
5881398
4540966
4806864
4746457
578600
5283664
4983443
4853010
3118372
236433
4500211
5808684
257947
2711966
7095989
2931197
1726742
2586434
7264324
1808826
1431865
2722779
2762237
6900181
7020094
2969938
6015918
1001729
4009955
6151917
2817669
2531376
4887188
508541
1620886
3830486
671567
1281169
3307280
3830439
5371605
4110821
3933974
806107
2751062
371886
2120577
6648812
3679283
4609808
4005891
1364534
6128472
4958268
4797969
5852404
6498379
2858544
668290
14916
3109764
2120318
2427084
2504939
5294486
7203393
4988860
2146636
6469864
4579886
2450300
1003766
3573467
2547395
3214306
5239397
5980643
5631069
4614966
3345035
3007833
1485377
5059039
2710178
7341900
2949636
4034337
2949634
3167295
3222576
5524490
5103269
5516163
4619022
1238198
5693458
7312239
4445069
6770982
6993976
2730311
2219417
2097468
1434764
360431
4095640
6513093
6969467
5713801
5093544
1293048
4088040
5114308
1305270
5654298
6507551
3028308
5326510
3721818
1312410
1517331
848265
6828740
4574156
6415999
4418029
2044421
502944
920110
5694209
86144
2696909
946519
1982104
6024970
4535135
4473829
373569
2995650
6522088
1796541
5466246
6776830
1385785
3933172
299875
7060935
3634011
165434
5276238
6063695
3522639
2480772
6122267
4678313
4003523
2802173
6304199
6663126
6538683
6934055
6930579
1231109
5703097
4907785
3911773
4969836
1313234
4979981
968401
2601606
6354254
101203
127115
5226539
6160066
5561503
2054934
1531714
7090832
506587
1752598
3984714
5651744
441742
401273
2006725
5381469
2526291
862844
5611306
5059113
1874528
2466754
3516362
732266
5416457
2815993
4368959
2239794
4718002
1396465
6992029
7184686
2032813
3343579
6871649
3173898
5785341
4362701
2642119
6599176
3381424
6546175
4345034
2207871
4331593
2825882
6776291
4061239
1843701
7159089
7031903
2760144
6396809
4521950
6982366
2235098
410782
3046507
4546098
7163900
5412029
5859516
306913
2551764
6035108
605388
3088753
588878
2032096
2990494
432817
655486
7173005
2170631
1302487
4184507
152166
5886224
170961
6439295
3971157
164440
4947241
6032826
4150233
2773996
2966562
1592311
6152844
6813850
5288808
3219742
1602701
3205924
6757304
2683270
3282224
5085818
285876
3354972
5691004
3947107
3388280
4228480
299014
3204699
307937
572696
3820234
7148249
3593536
5313097
30443
3415705
258623
7022199
941302
6610099
2550508
1229421
3057450
6439831
6604742
5892309
3700571
6775742
1480402
6383029
4511339
2834601
4899739
6640718
5041889
1961352
4042766
4531136
6313963
7211217
1834931
2556655
4600626
5191552
3735845
1459337
2907765
1202949
4938401
3807311
2242452
5710118
3621345
1110541
5198382
2632941
1408411
7063041
2112302
4264654
5246140
5176857
1720841
1790673
526091
2576173
4213439
5808129
6916292
4409705
627929
5304483
983257
1649705
1643752
2660279
3548645
3413489
4063169
5108842
6971362
3649043
1419023
218346
4373885
7323546
3388244
2063823
2872608
6496812
6328667
733588
1444368
2665576
7224462
1796482
2549424
2735311
4189677
3315345
635261
4047851
6978289
5192059
3428843
3161708
1890850
3999855
524780
2847645
2529595
2849409
257967
4223270
5122150
5743177
4143743
2772931
631788
947478
5767712
3818244
2746807
423739
767010
1647871
1142266
2873315
4060881
6528936
5291535
6551167
7164014
3579150
1124547
372185
2958170
172154
2476762
6136161
6658910
1281827
565831
6050525
2143397
371574
1899021
4004343
5331645
1523487
6402019
7274499
2622362
7099359
5859166
4218349
6427162
4692249
5571128
3641640
1672968
3823281
2615528
3798672
2833004
6919215
2448418
597572
2365661
5235583
5231268
1898118
3607617
3786979
3929399
6296695
5489308
5523057
704217
1594854
4687943
3102901
2534092
3327897
6462868
3420249
1129499
490807
4723421
7177934
4846172
4390331
6232540
1167777
698654
6774746
1667510
2694520
647036
629603
5113769
4873047
4819937
5571782
620961
3285715
3995993
171214
5364653
7255913
5732524
7017169
5030824
7238379
2178036
1970517
6401938
5073792
1012306
3282900
2195966
4030632
6421422
3399666
4831645
3894202
6340553
1547794
3749355
2177075
2803201
6740861
5624429
1242682
3000888
4791772
6850197
319960
4523648
1664615
2256313
5837991
6928470
6274841
100420
2334824
4944279
5101279
5655387
3340687
7037317
2395514
6521561
7294343
3665700
3359312
4757570
6949941
1790080
4775900
3807785
3072355
4373565
5200388
6559839
4500049
2679759
4570387
4385908
4225194
282279
3611176
4327309
3229933
5965146
6618077
2781074
665594
4495761
6809642
6527925
3628362
3651196
3027143
3369782
7126702
5444778
1583046
1236312
228041
400250
2627417
221578
5783839
5445215
779939
4972736
6349030
5346560
6294395
1681042
3797985
5591975
2233484
1210784
1151748
4859038
4760763
5672679
4697979
3938697
3423377
6435481
1127550
2062157
3230097
3205303
866524
5144305
2833762
6120759
2579471
3750475
1066596
4313352
6745092
1465645
5725685
6122937
253238
4393846
3831990
1061246
4210280
2509662
4658647
2542333
5310030
5370101
1038244
191637
6868737
918972
4388858
780900
6507635
546335
5097870
2654992
5140089
3246430
3506124
5843211
1185916
969487
821949
5875864
6776909
3562346
878565
595810
2770171
3657300
6952647
6424417
1290475
1296862
2481966
3460894
887917
7268220
3803692
4911678
5859578
4476200
4978707
4732775
3083949
673763
3872623
5828691
1032476
6284913
5610602
3269013
3274375
1636407
357449
5586860
6059500
1980589
3394651
6254854
7228414
3100774
5753545
5972981
5298698
3886951
2960514
6149242
3793168
3467384
2138911
3463549
6460381
879484
30467
7351360
1271050
3078684
3743142
2856616
4179528
3692580
7038348
5054228
4613528
3209275
5338703
3256348
2268824
2126078
4613526
5025585
4216282
5680660
1435673
1835798
132352
3295172
4234320
2435830
3001270
5035586
2843026
2068417
6637127
5292353
5341349
2953947
3479680
5850610
434603
1513547
6037436
2870772
2016029
5592832
5956166
4135497
2550782
2908912
27621
1756031
2470800
1669089
2964520
2795022
3119261
3793349
355723
3413932
1323582
6761416
4011349
5064304
1589794
4686353
1645352
5168582
6281382
5797023
326028
2564160
4500373
1288574
789166
4784782
740339
3712310
2215797
1306918
4519406
335345
3862700
1461489
5015708
6341331
4740620
2305551
6373792
2357526
2066318
673017
4663071
6671982
214785
2617027
6789904
6055413
2141559
6000795
5237745
4293526
5694411
650920
1677245
4760404
1999393
3330571
214252
6389363
1509925
5674507
5300657
6805765
6182784
983660
1500713
1242834
2336750
6801479
5949957
7246862
6695916
5605102
5696963
2467631
736349
5747419
6196881
3463835
3888879
4408781
3064251
3159878
1183268
6571840
2747193
4654
670382
4155432
6216898
6198954
5301670
3480053
555091
1887801
1821046
6327493
7150921
3471328
6523945
371513
4167766
4084145
1367178
5273737
619570
699010
7232493
2590242
2622304
4416060
3994592
5529376
2997024
5868249
665845
5218676
5959377
4144225
1676622
5713627
5242258
3606587
2822797
4556507
5649743
1813359
3404769
1356155
3025560
3245950
1785536
4447784
2910378
2254373
5879983
3724683
6076348
4508853
5869635
3407090
4403385
2477122
5023237
5116517
4340281
3155562
196678
4112935
6347380
1686867
6457005
561000
3262883
6263190
3635777
564036
3469963
3679466
6298016
6307460
1660137
5861624
6190361
7093406
5594783
6446119
3261509
6303563
4029376
6273693
1767153
6555129
6851551
4174109
4088003
3911910
3084123
407164
3274879
7325243
718884
6062050
5461266
1312948
1915074
2648915
2566414
2599918
5687178
4934100
2299227
3262269
461706
851345
4706983
4578829
18181
573735
244613
4940015
2232332
628535
3243586
5545087
5453823
7256835
3966652
4745173
1337530
3723700
2879195
2644964
2889314
4067645
6443978
1011631
756320
4741705
5247193
6963389
4903589
5917626
3520948
3422225
5615260
881611
4247571
2304012
4967859
3310674
5282053
96098
4131385
6273434
5492759
4469807
813701
3209651
1629485
2614124
373683
1727319
2237675
6144215
1722567
3511283
3207228
4847766
5801076
1478156
215337
2787130
3782722
7076998
624282
6331111
6208841
98677
4941057
5889735
5245595
1535944
6654177
5885790
548996
6621528
5676467
223028
7239085
5952525
1132519
2453577
6330891
2306263
3224897
4001897
5648820
4762058
5178386
3671085
523457
6283143
6539850
3780666
313768
3068046
6368201
1634704
4426274
6760431
7261985
2904897
6768216
1719845
928418
5450668
3720374
6614294
6235644
5702010
2049867
3024574
3192658
6645594
3416575
6462103
2865823
799641
3150274
3219703
6702346
4018309
6846728
6914858
1453176
353664
3593574
4931544
753560
4081709
5006185
6646076
352847
6430800
2175914
5829237
6448651
3333903
4789083
1944323
1829863
6464081
2616061
5591421
1698975
6090846
5121656
3636499
99721
2239850
1801372
5180962
2960282
1161626
2874459
1725764
6176594
3944701
1981135
792615
2103463
6004349
5555525
7055655
1144160
1326136
517760
2651143
5982539
2363191
5141893
6365436
6894338
5478171
5176895
4888237
4885866
3162203
6847058
4322366
2115422
6494069
6911633
6202311
5619623
5482381
5364958
446259
6441854
6650123
3298607
848631
2730161
5966331
476974
4968640
4685743
6012898
6942891
5114105
740316
6381790
1915335
2472640
3149797
4924839
181499
366396
7189285
6729361
6344282
2058544
2652142
2798176
2738216
6508982
4768208
1308985
5642415
6877859
5776608
6636493
5855916
3085111
7263243
5715388
303972
6085987
593560
2876369
2020279
457133
1046979
5098289
3985167
1046971
4051027
704891
3036622
4992361
5162081
6415110
2488166
4169310
2680851
6766461
974268
3697305
1972187
6182348
1355774
3351594
4257317
1511573
1254389
3402284
4119829
4704722
3571268
5586907
2016946
1003487
5842378
1833523
2487773
6648878
141858
5620219
4861386
7030133
4115367
349089
4931189
1824742
3239730
1408218
1091926
118311
6790678
5644739
3944288
1438563
4409305
6192386
1558027
3610076
2746848
4140250
6608481
821601
5445494
6268094
6267040
3991898
1868601
4072331
5745031
1076093
4876610
604808
6584518
7029663
2870259
604801
972052
1086217
12213
476744
708091
6685406
7026489
6720005
738407
6637690
5874478
3345058
2526245
3929624
6218111
5550216
4686583
5481151
7330590
5030868
4910893
2745578
6833731
5494314
3266788
289863
7258325
1924958
905947
6076752
6787579
2386413
3794521
2381540
4163014
3158077
3059771
5957660
1684628
7238585
333778
1357261
369119
3053031
2123972
6156190
6812204
6922300
2632031
6393202
4282088
6959132
1350279
5124569
2072244
1809608
1107032
342676
1599826
4800141
1352698
813877
5998359
3380684
5339357
183392
2390072
5737158
4301772
3356379
3149634
6450564
6290079
2857158
5894702
7342615
720650
337450
2529297
5710597
6422383
2484032
1237485
3702200
3715472
2548254
5935560
2619918
4043901
2890278
5652133
5727618
6989348
2601241
460050
4708477
3838851
3360115
5585728
5587258
1984666
4976470
6425
12450
4103607
644226
3448329
4454656
2095616
131893
5952560
3169551
4410732
2586802
5115974
5241012
2054416
359171
1645147
5540057
7333710
4314868
3280313
7339429
1845517
6302751
5431172
6136269
6892146
1047944
6197653
1666654
6434576
3093887
6670769
245878
4770624
1779734
2608322
4883483
6920090
3360377
5463527
7200141
1751622
4835633
4970731
7142852
1926524
4229739
3872559
1441725
4582525
1825378
2448029
4987465
4056645
1912541
5270299
5957327
878714
3954043
3045370
5360046
6746808
3490325
588780
404897
5245241
1847224
4778972
1922405
1690915
4688437
5845886
4111850
3801167
5692638
4287074
6628353
723609
3148929
1386534
419537
3634874
4314542
6583948
5020739
6242541
7021919
4201708
6401851
5393787
3639098
7350635
6493399
6775412
7116612
1675898
6796041
4824780
4120128
7254124
977106
6469785
1140901
2977734
6357962
3899634
1851851
5001469
4982777
3790610
2385997
133339
6383047
3527357
4928878
6226222
702920
3362187
4697324
6552488
1675789
316040
698281
7262351
7355004
1020385
3526192
3400665
4537162
3724498
71501
6469917
5701253
1673788
5650648
2023833
511839
5447132
4418105
5082539
5545329
5581882
648213
2740609
6205821
2221314
5514713
2173195
557221
2860341
4913951
1722241
3317367
6107142
1336098
6962264
6559100
5750916
2082225
627981
4102212
3640592
4757630
2193504
2456439
5640935
4360098
180702
6237415
6163922
5842463
5384795
3631162
1938046
1236163
5533318
3310466
5438978
5955230
4628154
697886
5089742
6109189
5432461
2275781
3809557
4710651
7096101
6729343
3672950
5185856
3360580
7200441
5221262
625586
6833156
160851
3782190
1549900
2642251
5672572
2506985
4401845
500462
7280750
3560427
3567434
765012
558826
6891586
7191929
5512071
5183109
5094617
5094615
5846262
3633003
6412879
1464745
5623222
2554011
1230914
5541513
1519385
7151555
7024207
177138
4722898
1195537
6867406
522604
1511005
5815983
2734027
3730222
509285
6243733
314378
6776572
3728054
3569538
4224612
4014224
764495
6578650
4423200
652197
2306098
3873541
124717
5471787
7007536
7312871
6472714
3848105
36379
3169968
5232554
4769681
6892743
2755206
1749854
1814338
6810329
787056
2101750
6054882
2101202
2531040
357330
3671329
812855
1324457
5879942
3522889
6000994
5383047
5089928
7167564
639721
2738940
4488934
4115341
4247490
3281476
5101483
1856142
6459228
5001074
1213079
5355142
5617582
5613264
753198
4875812
6579203
3631424
63533
539690
539166
1978425
5281848
5993620
7308077
3849509
7238034
3492797
5484417
2143089
2334130
5528060
346001
141708
5193032
3281217
718848
5508238
1735122
6895586
2498580
6785360
6517063
4362802
5528244
5404986
2961831
5169266
6171925
928208
3508273
6998379
380412
2672749
635488
2683750
1068205
5314605
4955748
5363835
5369932
3812364
412496
108464
2162236
94903
1321584
91426
3718170
3692750
558735
6061760
3834514
1461502
3267275
1095222
771557
5592476
1440416
5408370
5433613
7118903
4112390
1240189
7320016
4602215
2137171
5522520
7346549
1903660
4432248
126826
4540737
93458
5437209
6111230
3530101
6635431
7023986
5988551
1720965
4281364
7015617
1147595
3815325
1894713
1745752
6533202
7217847
7069576
51734
4333141
6695014
7018093
2215432
2964711
6086210
5256780
4852088
4875650
2988863
3116434
1469824
738853
6794220
6939659
1846404
6880633
2888406
1968131
4485793
6765127
5673097
5688247
3135164
3631956
2984763
6403208
2663133
3135169
1237890
1769954
583961
6911398
245323
4164351
4629345
5725596
1218393
5205004
4934702
6657387
3558938
3220066
1359573
5712458
3421330
3738290
650117
2207284
4042186
998639
6479842
4253193
4582814
3054054
901349
3273404
2591340
1262337
2003558
3235155
6869268
204613
1881581
167259
5115047
6053045
5993266
6924402
6201278
760547
6316398
5138194
5161012
4025821
1783640
4334488
2714919
6209046
339963
5375911
4048801
3237469
5397849
2348426
674338
4519394
6329163
4962949
1126787
5387026
2220639
2251773
7206546
1290763
1852387
5386265
1979941
5537922
5278318
879175
5803168
5138999
45294
4614837
5138995
5848767
2366961
6642067
2473644
1776999
607202
5010149
3239058
5801358
2159335
3665979
2319265
4257991
3061239
3910494
203202
1625086
6136935
6948931
1978094
6679333
7131601
6715496
3650347
7223669
2813155
3155041
930099
296835
5411188
914724
585273
930112
2758961
3708857
18752
33574
977822
1298229
1464902
3286437
5481613
2842835
2558059
6976588
3788653
6328406
4022922
6349530
1767652
3386696
4285471
6332203
3787683
5659602
6175628
4812430
4068347
711612
1115668
444304
6204979
7048373
126103
7091955
1023488
4682956
5183050
2689870
3769881
4031998
4553469
516459
192278
3451397
6337581
6931870
4334360
1402151
7301019
6256108
5703669
3769089
2687044
5478860
374144
6994000
4832196
1812225
2314786
3467959
5058744
6719585
1369645
5763095
6594946
6354376
1579102
11251
4566952
1424158
4903201
3748529
832727
3478003
379668
4892144
4580745
5341837
6085922
5040727
4632161
6420461
3180659
1038327
2330315
6488627
1450335
4625199
4365595
2814341
592619
3328090
5227413
6375499
2707721
3764558
6115746
6324664
2463410
42360
3412176
448652
2081786
7026912
2868434
4450348
3416921
1847566
739278
6159606
7286380
278950
2921143
1291489
6252173
2160311
2974633
3640670
4201027
250827
1571349
6536797
6859098
5491749
6232747
5277838
5375271
2179435
4717149
125026
1354821
2764172
3666839
2603067
3612866
801284
2853903
1225791
3038176
4245675
4562346
307837
4964657
3403337
5312669
5624310
3481754
399683
1915581
3683086
3561468
5320749
6986418
1466991
690007
1523516
538096
3567174
5405820
1471738
2207779
414982
4938815
3049699
3851586
2495792
4336884
2479391
4397542
6867268
1789008
108400
7185912
1669347
5204761
6935740
4540256
992964
3222158
4621873
272116
2227472
7044915
6282867
7049030
1767976
2327452
4517555
4407846
4783408
4367344
7067134
6486276
789062
1752953
2572284
1080976
6985300
642490
4410556
6476221
4822012
5992346
1981233
5755112
2902169
1488566
382036
7343301
2918484
1293628
5069011
6097032
5526598
6906525
2993782
282769
5376805
4441296
1206581
560857
509187
1549710
1546830
7347682
835397
6169866
7239539
624558
6320239
1735819
5626311
5128879
50167
4252377
2993169
5105602
4638860
2448999
3879523
2189539
5045791
4253421
1272588
5170924
7231059
5397191
3827251
505262
3058681
5766144
5127797
2306973
1802685
4734535
6140223
2216143
7242093
4275057
7286976
3177196
3737471
1172683
3847935
302545
6494915
2109733
4079918
5805209
3785253
5772408
4192390
5557496
4659041
431792
558149
409635
5769589
555318
6149815
1643851
2663449
7000792
6372275
5074826
3717029
323623
7007483
6032899
6001439
4041969
5861412
4277981
5430665
6366725
6263444
753323
6183156
927895
2857843
1660697
1276466
6556994
1983540
7080880
3179877
7323849
3906059
1562960
4208515
1556451
2171650
4356883
2338782
4580259
6432606
1913238
6810294
1454686
2740232
655934
6453994
2245534
6613240
4321359
5084855
5085702
6612415
3514532
5232215
6228195
1952306
4542096
3755723
3887865
4890305
2050076
5887627
4534052
3448626
6987134
5840173
1105011
2646935
1063031
4108372
3671174
6540771
543396
1520098
4610418
2973360
1777807
1741687
3218418
566849
2307480
7136352
1326628
3368723
3146450
417864
6298575
2784445
4381568
3518740
3875763
4201797
1362724
3160597
3705519
3238018
6451096
112034
1128069
5468252
3411283
7267030
1584209
4854975
5337981
5153268
4690525
2196466
6138205
2842375
4353872
3033105
7268421
871402
7267034
3794718
3290701
3154917
887232
3576684
6346991
6676485
3249835
5700167
2390408
782743
2474505
3285831
1037103
4096237
1203457
2835018
811209
4554364
1854080
5027485
3497438
5271419
7232149
425348
344210
4841834
5511804
3926653
5998058
6931854
4907436
5360179
844106
4216314
6194899
6123498
676886
263600
2553629
5499384
6313076
220011
6804855
5514604
93140
2297459
5373393
6165119
5658978
1895510
3238529
6328685
1911494
1911495
5658973
3904295
2124874
1121086
2068252
4325711
2529795
1736123
533484
151809
3700037
4370517
3922089
1445925
4691073
76907
3295588
7148275
652157
1907581
2391441
1807796
1625762
7108891
5212474
1844624
6566866
5870046
154367
2641065
826987
2845566
2496021
1550441
3850231
1200981
5802954
958859
5966846
1041491
2868450
1415544
6463175
724359
1143492
7321437
2907596
2938625
6797271
286445
3664140
579267
5743557
7010575
1956589
4440085
4348708
3511796
5402798
5647843
4334467
741913
3870655
6030701
6426639
6974014
6132206
2084883
2845606
610077
4389646
4266286
5340513
4648215
6947034
1117121
4537067
6793387
249908
5197002
2637566
209011
314085
5640263
5702153
3457930
3886876
4656457
5635102
3901301
4583699
329465
6419062
4456391
1410736
3881066
6187828
685380
6355611
3253767
6770635
2460682
512584
7163134
6638357
5203419
4506632
4973317
4619688
28450
2982909
4480341
5573729
4230425
3329893
2262825
1351985
1445312
2880827
2802702
4088046
2174102
3900295
1970173
4916373
2014146
1766209
6108404
584379
1770882
5572054
2766131
6195779
4839924
3628653
4200366
7156978
2389238
4901562
3791996
5954373
6903488
5995360
5086932
55857
3297510
5143864
4805140
6928491
2910734
5008618
5308443
5755131
6261535
5890836
4258934
5729962
2082810
3733481
2295767
6410832
476878
3534458
6459863
3111288
3356398
2359198
3086993
3573516
7072256
3188250
2309208
3311091
6233924
7035396
5481428
333990
4574007
817567
1946487
5981440
3263647
3521273
5726057
1514935
5225667
3048366
1608101
5506981
4589494
4521195
2237909
1247948
1769911
3027563
2588784
2055063
4291645
5934718
3146293
3845933
5605573
6574606
3145926
4297129
5946196
2442007
3972185
3389734
4936389
5250649
2277740
4105347
3754870
1838461
619140
116994
2283825
5091549
646719
3241022
704647
518238
3972453
3811355
6616126
5033770
7235344
101682
2610473
2028794
4492464
2562113
2664303
1348746
2910967
2962369
2060026
4383481
5718819
6557597
2238389
2970308
60149
501098
431442
6494237
501094
2884462
5834965
2846656
4677814
2296042
3906038
2365963
6612717
5527344
6500481
6188557
3438137
7084197
2844727
2219092
5196541
2276434
152692
2604038
1693090
2885758
7017268
4778264
5076269
3121176
5296561
6708899
317220
843435
5583895
911069
2657845
7307544
2966418
1987310
83689
591740
6772828
5458968
6757691
236755
2164197
4783985
3281373
3564612
4076610
4481751
6198654
6124430
927632
5336106
1481644
4647636
59081
3501007
701766
1973885
645141
3815804
5683919
2147686
6482840
3631233
1697986
3268513
2905051
3397879
4763919
3693654
6281329
2368582
5958506
3870821
1892942
893190
4723200
3792550
5332375
1481397
7323676
4538522
3514117
3450552
5110172
764376
1278554
4955592
412374
2675548
2490376
446753
3164909
411307
2820521
411305
164738
2154090
77211
1809502
1065111
7288253
1350577
3500359
6512461
6854150
7169203
4588499
2559499
3130349
2413422
2768846
1947398
4079148
1283507
5453052
3774602
7018992
4306718
5453506
2933909
7152245
3443929
5953736
477599
2483145
4256432
4870043
4852164
4028456
2986893
4057859
51358
4372281
4844010
5488487
1571793
7280084
5657645
4539218
3733544
150994
5562531
1619748
2915016
320128
2041673
5742006
2172611
6985648
2343109
150197
2557181
5184745
3874021
6687352
1754663
2596472
230251
6521767
4091060
276406
7181371
766455
2399629
3920975
6993575
3050076
2776987
5860313
7328806
2545401
1847245
2018669
2588648
981472
2762570
3250240
3701496
5074324
2483728
63775
2489400
5783713
3522355
5040129
5369850
4098246
4850485
5098454
639745
2459237
4021601
3801300
6824860
1557606
3202213
81841
4426633
5683762
5718070
3434685
6479145
6592302
4230405
4105157
5606680
2801465
3818641
5742190
4472679
790673
1041210
5489422
6734485
5598876
5206151
4578467
1133787
3071895
1375152
5990884
1818637
4144642
1008605
265262
5529755
6879483
1857330
995563
6546942
5737540
1308787
976983
3435887
134133
2777721
164920
6559586
6637348
5041182
6031058
6300508
4866220
5076898
3860990
5175288
6427561
324756
2270603
1544337
2030688
7154007
2018433
1833962
5280275
7136782
2834107
3646582
3127603
3724224
6948679
6928926
3399841
3619835
314678
5921084
5875921
4917617
2323568
5688204
2533429
5666385
6501849
3496251
3443974
648356
2878047
3613841
3175833
5549259
4310549
1525970
5662522
3578516
2593148
4544092
4158950
4579832
4259592
6696948
5812629
931502
3249171
1626455
678910
4098874
1104199
3510575
7214252
6726896
4549448
171167
7305709
6328257
348785
1611488
5334191
2854469
7029883
780036
831511
5031098
2279492
5789734
4181275
6091927
28927
4138274
4829777
3525791
2260076
5652864
2506243
4853629
6438762
3436476
111533
3701552
2034045
5951815
3854443
186730
3002099
4335575
3630662
258164
6430183
5824441
6994188
6135687
3845915
6085655
5881720
1342839
6334929
5605227
6950590
6050933
3407992
4105361
1522452
3158926
3803650
917850
4874946
5394808
917855
6442315
7104574
35408
2340847
1114894
2699731
6404409
2370183
6408751
5146677
5445452
6295045
2916256
317217
3045085
2356426
3224346
3704699
1317956
5182177
4954549
4614514
3494086
7302829
4641311
2163541
3991465
6447161
1656871
254316
439699
5387737
3060653
453085
2023447
1058811
4652653
6525477
7099186
429719
4351571
1702007
2468759
1396002
4156914
5686189
6205450
6973032
2176410
7297461
2544615
6075073
5085743
943327
4998730
102297
2865370
1747614
2434874
3243151
2515319
2773331
2987237
3623100
9662
7074427
1339359
2741918
1416989
5516087
3549942
1753083
4329568
760194
5185199
3193505
2778876
142059
5273586
703672
6881316
3012022
5982269
3532324
5641645
6306634
4337191
5336122
4533170
731169
4694554
1087891
701745
1769706
760656
1382784
1104460
6496362
4700800
3072782
4285141
3087730
1711896
481861
209800
4583410
5255557
49647
5142214
3620100
6383594
3277176
7242561
3190696
6983136
1407836
3684905
1948234
7288279
2028778
2059128
7063467
1809131
461916
6848884
5667587
2178803
4054617
5985062
980455
2861474
3452143
4087109
7061236
1315564
6827683
5830729
7103178
577003
7122941
966864
2012248
2123174
1587775
3705118
684674
3126942
533110
6582680
4897773
3366820
5773553
1536354
6788091
3055100
1371317
4997096
4442871
614539
156714
2082404
6569011
2476208
3769868
6471778
2457161
2499561
5581640
4639363
3937043
5308708
6939154
2052991
6938424
2195171
6849059
92851
2062054
1689618
2979053
7042236
4599028
2061230
3884755
7150475
1529256
2722000
6431135
809908
1715545
4172043
6443259
4169916
6900717
4856391
4786211
2801036
6873074
5785227
5535978
827892
7121713
1978801
376753
2364916
3654646
7150613
3477663
7074303
1422949
7039494
4853450
2420756
3200344
6091121
3704991
890527
1101420
1779583
654964
5066332
1806506
6330190
5769408
3457088
1923949
1861206
1738844
2249232
1595926
6336435
2055876
632320
2371851
5489406
6692122
147923
1049783
6181833
3124398
2542865
7221208
7336946
2612995
4289880
3106202
6150790
6394328
5393310
71648
1187291
6282286
6192728
3005327
2751136
4199749
2799848
2079729
2554659
4175097
2319362
3682197
2980540
660187
1294715
6860214
3523368
251576
146782
6220045
1180570
5890903
5739468
5563806
5826535
6881107
4172639
223997
650451
6709484
2243894
7170477
1046186
5146804
2740404
2245723
6162939
3927646
3771400
910032
5110709
40033
5634543
3231268
6387285
2521541
4600940
2397124
2140052
3278315
5558342
3266463
4535939
3719325
4226227
5013386
7163686
6307241
6864060
1063730
2575149
3008173
7023678
4887053
6812668
3094656
6903198
3119498
1346640
360075
7299181
6577733
6966932
2772088
2806255
3181624
5793365
2411491
4241101
3897797
6280770
5572092
3251018
1517773
5349841
1911572
5573322
7218063
6026085
1731517
7218068
2767228
3266981
1680401
354534
6504855
516519
1236482
609899
2044245
765210
4477254
1160320
2601840
2311074
5855817
1039751
3365698
3113798
6967234
374127
463871
5622065
5166513
1856206
5083410
1984182
1407025
257353
4571574
205849
2123692
5824463
4036073
5219316
6662034
1218175
5048882
2721748
6398943
6137059
2354845
404836
6786118
1050292
2354848
5108037
6683201
6709585
2928664
6295026
4810165
2450636
3409683
1893568
3786380
4607777
877450
1821634
7092231
1603327
3223661
4032973
2414766
4512234
4662448
2135661
2898935
3873400
1368002
2415494
4925831
498728
3919777
4885459
3241689
4220819
1765764
2474828
1319850
3418561
4667547
645078
2846614
2006181
891802
1682366
5606032
873753
729376
3844375
1793995
905182
873590
3796042
1721537
199685
6444479
3204831
2843556
4749712
7189142
4321331
7248583
6220627
5522277
3917828
4825271
6076243
7313981
460544
647972
2492597
1116128
6637798
7278932
7248728
845706
671665
4678236
2543726
1397199
3236738
198488
2655423
3917632
568536
3306720
1653911
989878
3855350
6224755
1600146
6320847
5660971
5055822
4548610
4787440
6642603
5915936
7287136
2911902
3219296
511665
5121924
923701
5538932
1683776
2512689
984792
6700056
7068832
1810258
4729094
169875
6564327
6187967
1107939
6078395
5922455
5701855
1610557
796953
1547431
3762857
423824
5370269
6337674
6530148
3060822
6902459
2340254
7084226
4165584
1386199
339089
4155940
3927532
2068963
1228848
3244669
2162077
1876743
924285
5750310
4339470
4932782
662483
1782911
4919457
3019076
4482975
5872778
5787059
2045433
3163080
2058232
3262873
5059889
1768056
1309816
6236561
5603895
2059185
4637822
3369472
533133
4684565
4729364
1127089
3460090
3581884
1849317
922031
308656
594176
3843644
343913
3276208
156733
4136566
5064410
5478710
3209003
6486004
6617409
669981
3169107
6815669
6395214
6476982
2756030
382517
729496
6327477
6846856
5637309
6741125
2099166
3119688
2439728
7125395
2359741
2452293
6786616
1703133
1329473
2496735
7070110
5464639
6825660
3406127
741267
897898
6067965
6015026
3141759
6075608
2657315
1470001
1980152
7251640
6210797
6785149
6294528
120051
5128863
5550702
4585080
1608885
4509864
16495
3236943
6079595
3200328
2812121
1153019
5201979
5169989
3481878
3797031
2747207
2652354
282011
6869120
912445
3991059
942824
4451618
2882325
2779808
6468358
4592333
5540840
5065163
654497
3152907
3417696
919028
6734444
5762855
2603754
7064406
3110684
3755328
5485733
2460954
1225717
4476782
2353534
3221230
6723459
4756675
1048811
5154885
7340525
4953030
2214686
4113067
7004092
736572
4145880
1474838
3671187
3846546
470069
5571073
5553611
6176140
4134222
5107455
1887107
2777764
3907572
5007236
5683011
3776611
1483790
4025270
7208839
7219536
876476
3031681
6135711
2154378
7344641
2049582
672921
949662
3273510
6179582
5554065
2146708
2381011
4286462
2325501
4272238
5306149
1071504
6985852
2040096
2103953
2116453
4657432
2357733
6756111
1981051
3926570
675597
352619
3103861
4784163
7170652
5228416
5558366
7159372
5899895
1377713
3598473
6400447
4239200
876221
1584363
6301637
5111676
6378451
1634602
3894539
5574554
4792776
5093125
6767890
1557007
2810898
271719
2655258
773159
2372017
3022355
4123325
1940613
375451
5340174
5153162
4287934
5101196
4899057
5356102
5143953
4689012
6565645
1108357
3231361
2810098
244921
1959612
896774
5465697
4570832
3453528
6182795
5039837
6008790
2810323
1575082
3708506
5257852
6597918
6695612
3854404
197840
4127805
89140
6912427
1830686
7242011
7039175
5541419
3188767
3148237
3143229
4036723
2496924
4904666
3287290
669517
527170
2998611
7301841
5923657
5543815
3335530
2171973
5562960
4193664
5857086
2846189
4843119
3188493
436845
4931557
2261145
1429233
7040193
6364508
4692671
675385
4931559
5605487
631737
6758404
3339192
3290363
4833706
3342131
5762469
1954126
1392697
6159544
2261630
2824899
6113603
3102379
1529778
539264
5749846
3929295
6961654
5140370
717784
6312137
441170
5538078
1195363
6459340
4559350
3303821
7297423
7243054
4834158
1779620
2084923
7307877
1776139
7088268
4203816
5476857
5617174
4381095
6633304
5474590
5833555
4245774
4582215
3848689
5320681
2110371
6961037
926490
3835076
4277186
735317
5933308
2220703
1787282
586237
1430782
6793263
5610725
6500391
4917438
1832117
1447265
1453345
6036256
506703
718552
7238285
3747304
1456938
5683201
4926847
4820063
2470004
1531318
928566
1286474
464905
3505253
315730
1919947
3942268
5701307
1161755
4108489
3785882
4940715
2913467
4644962
5276666
4942970
2028861
2025474
5323337
5111866
5447641
3883331
5341165
6138597
1043248
893421
3897342
5365048
229780
5506646
7122186
7222596
2172209
6502399
3216624
474551
3515239
6040085
1022105
6574494
2348880
4250363
2480121
2393682
1801288
4620559
1388579
2692414
6917977
4296771
6490195
538513
7106568
4138359
5123359
2886979
2149140
3800509
4318002
5704089
1740441
1069291
4165306
3051386
1827274
7054052
6761766
5695890
7051286
5961233
5088346
952268
5370016
6302417
5605907
3032326
4534307
5432684
197428
5619240
5759165
4553026
2249903
6686703
6314272
2512630
2931485
6555916
4709460
1193968
7302166
2735194
4376325
5422089
6654594
1088726
1329455
5748633
1858807
373655
6038343
6308386
740683
2697041
6729968
1261181
6248420
3954474
6133543
3954470
836967
1550111
5901895
1082187
6504394
493702
4130357
4766918
3223524
6869105
1990430
846094
7263806
1874022
5805616
1097641
1062218
2590795
3146423
3797011
572972
4659108
2517723
3571030
628197
5758484
5753678
7176827
6571226
1251606
5795450
3054269
2079936
2611282
17524
290801
2757820
2615670
196050
3461350
4090016
4782750
7328951
6232857
6109127
931478
6973522
5005159
6866321
6406186
4137376
1508291
1494701
7282151
1371614
5054322
4952989
4419391
4634766
5403446
1239864
3195484
7101648
2951999
6780669
4597756
1149732
6916767
4186609
1734875
4979520
3723596
363616
1035711
3017886
1869246
3017882
3852417
1411530
4360913
4411126
1691505
1091580
5877675
480302
2368907
5385697
7119417
3587841
2394152
3158713
3493107
5362386
2918613
3004162
1610244
6992445
2235808
4961144
4438583
1581428
4664118
4918600
269052
3965461
5870376
5216731
4068579
4331969
3556600
2275375
6555218
5194399
7325820
2227491
3340514
986102
437369
788829
1003095
1292885
875840
5281167
4353094
6986564
2372075
4846290
5905982
1930442
2890307
6026779
6445582
6167811
5267693
5057555
6984056
6532445
100550
1455105
650824
4048749
4317703
3847573
6314650
7066684
5334933
5109036
1531695
353546
640692
2390929
4280941
852506
3845026
4417480
591115
6632001
2901295
1913554
4832090
2495996
3397027
6047554
403444
2633929
702139
6688660
4439981
3251584
5264918
4516552
6424652
2800516
580781
6415263
451772
3134838
6415265
712776
356945
577658
616385
2149601
7353963
1816211
6052008
5088757
5799745
6239827
2831349
1860074
2409798
6213761
2823106
2234989
4629965
1927540
5632727
6429009
6691807
3973796
2213059
4525358
2093902
6941969
5133384
1860389
1521641
494396
5636038
5036292
4115025
7134169
1424189
4066480
5480542
5212737
1843161
1282518
3488381
4335060
1603982
5609963
5606924
6024192
7279555
5538056
173801
888804
3502574
890467
6722466
7039361
4879392
6329703
2512565
3700849
4964803
6232628
3472198
1977053
6749910
6141335
4371554
1793841
6675965
1025220
5686966
2682824
2663810
3490259
3661186
5945924
5475853
719092
6700273
2328807
1024292
1096324
5664212
6803467
4634510
3384780
44121
4702608
514810
553026
5767711
530174
3828479
3355264
2255522
4596363
6581159
511683
3841522
1076845
4073644
6938398
514064
2286907
2349119
6751852
2493283
4875994
3987035
2203135
3471420
3490649
280445
1757674
5792739
3066463
1150753
1525717
5826520
6063843
1760026
5951360
5507067
5041331
7077979
3282866
4431171
3301237
2601658
3933839
3267316
6440892
4898689
4932749
1208789
3863720
3482389
2377964
2303703
3292157
2207098
2303709
6737755
3813594
3602302
5961128
4136033
5693012
6944126
3425539
6399000
4253537
1747372
3666185
6206933
2130783
647335
2844954
2737036
6303803
725184
5581977
7138989
1363012
3246408
6831011
2810426
2341161
4266427
7078218
6964457
3897123
4507351
2247523
6691495
7152828
1365353
229877
7209359
4636449
5394143
5483037
3619047
4606124
4332954
6793400
5114764
6238709
4785907
3285552
4773927
6723469
3833503
7249585
3560994
6131068
6911811
3739992
2350887
531032
897852
505245
1842971
4478873
2228132
4943720
6240105
3156314
2412456
5487016
1260961
3783917
994825
1107372
4996385
3783911
3449110
151209
6213022
3320148
4276465
5798994
5608977
6379048
7153618
816163
2599090
3839489
4289463
3961203
2712638
6900881
5073906
1082991
4396156
6716239
5980072
3471168
1001302
2636325
6292199
1171691
3250420
5379342
6366869
5325770
6651969
5367826
6651963
506033
3539122
6150081
2369336
6531776
5511325
3227645
4185081
5911829
3608269
1679660
4782771
1471807
3220010
4522859
4205335
578665
1670788
124405
3282418
1442949
2709902
6919345
5224959
7037480
7003583
5403467
3239409
722188
4266885
5997383
5611641
4846249
4769260
7265968
4004039
1201924
3034225
125941
3725713
6568090
4282223
1559229
3025414
6214113
1208219
6617922
3485030
1691522
5446410
5464232
1821930
3618497
715324
6539559
4498949
163304
5878308
3377182
2977907
1072637
6933833
7001982
4938274
7191964
2422750
3444967
6245633
3469812
4488244
5870355
4598866
2408696
4229275
5938804
6621186
6431433
3193052
6506114
6437107
6281227
5504525
5110097
2887948
4685604
6266536
2939619
1260100
2530809
6288507
6390999
5825097
302168
2942517
920355
6093615
4106323
4477189
3822622
769720
5197135
4896052
5688571
3114817
2856515
782660
4264151
646211
4586169
5016062
3352549
7108574
6468947
1461290
2203272
6011160
2115141
1380023
7197115
5052057
3138554
5084872
2498969
2469823
3277389
7178252
6954624
1192912
5883116
4171231
6964731
3595304
750886
3340390
2467085
6354016
5500427
1784142
1913573
6597953
6883036
4185315
5541323
5689154
1497407
2596772
6424630
572286
1172217
1823882
2234168
3551975
5784325
601814
3967752
3297501
4343734
4683548
6754969
3189054
1789655
762768
5787599
1795211
5651276
598546
7267335
1629204
611994
3733355
616674
5675421
6472651
4847384
3032510
3020761
5801320
5084126
631772
7225195
6002580
745731
5529680
3279923
5637139
7251510
624150
2422986
3898886
4746066
6361421
3723533
6577350
5091038
1594228
3145811
1177495
1157213
1483929
5735665
7164712
6023156
6524265
5270474
6461960
7333540
959242
4085203
4038877
5841943
3841174
4796126
2801625
4365944
3049031
4977021
7099277
2995080
2952369
6459307
3555453
5944722
5142660
5434093
6447256
2675388
5683429
3239874
3707835
4034856
1032610
5889482
1954783
1758727
6661223
1902855
4466244
4934559
928698
2911527
5213221
889239
6383840
5815977
5011302
3328310
3803961
4652215
7265552
2107207
516474
3817529
6566287
3975127
6368018
5654354
1647516
2669552
4133269
675255
6191024
7294220
2518518
6778564
5719306
3014104
5498561
841160
3225075
6862241
4337911
2726080
964132
4863241
5276625
1579599
848537
3683362
5872715
7350278
2390193
1961887
2469108
2355761
3602390
4473641
7089945
4401078
4419584
5918398
4425256
6430939
6176716
3127278
1837152
1480572
147171
4932724
1835133
4775084
4915386
1560924
330016
6107052
41627
5591009
5092444
6476692
4008996
2067283
2402348
3486365
5119785
4844833
3982060
3987549
7283671
814453
607501
3437176
4109792
4402467
1271278
2870402
242004
4989695
2606369
2398851
1326002
5697903
30399
3308438
789701
2262671
5064473
78764
7283016
4741939
5498345
3231041
4116645
3590128
848569
1186423
3578045
2360230
3163476
3185218
1470758
2322932
3628783
3869625
224179
6610340
5592922
2177394
5907464
6787654
7127793
633658
4018100
3385172
358142
6110268
6528718
3023988
2104727
6363787
5115269
5672683
1288641
435404
3593190
2396062
977179
5187760
320809
1409211
3511494
6662138
5201917
1438323
6213047
957540
4458000
4480973
7185238
3415716
1193879
1864643
5637096
4712689
3231150
6584646
5569788
6719296
4753777
7163779
2792100
2396451
7078184
244152
5367840
5835449
4567443
2777831
7040036
6399427
4346026
2538578
2415451
3998195
4838179
5997678
947383
2368808
4662347
5655285
2280950
4731267
6039717
3110596
2338084
1033758
2198126
7207588
1562498
2385500
1650756
6444915
5158491
6309950
838378
1958857
205333
3221006
6679782
4778611
6158066
944583
2569454
48471
3513548
3208610
6998556
4209765
5943418
682375
705786
629447
4701561
5978454
2616959
3194411
4440770
3372266
1163503
6530802
176714
6838542
1851269
5982368
1189658
7293535
5457168
1091096
2133430
125330
3753313
2833938
749718
6556457
2844495
3801190
4963849
4736162
1941269
6387171
7109041
4961575
2153664
2541780
768219
2831042
5720242
3372880
5487972
299041
4940674
3056771
6470788
3933956
5251800
6819713
2218766
157304
1386512
2674174
5645509
2192400
3167390
1633666
357918
717269
1016556
5678689
3755780
3441591
770171
5872070
1496420
3419673
6660969
284244
3964372
3834405
5092583
5429103
3636408
5579978
604498
6018761
2625960
4874129
3921984
284638
3279720
3500490
7047591
6875250
3075694
412649
3189210
2274483
5912767
1579620
5393774
2176727
2851587
5497816
2050863
823731
2946335
4774614
4187788
4421815
5220058
420454
4580332
2257755
3179055
4704648
3485618
812652
5301573
1841698
931992
2056422
6295531
2056427
5154184
3258588
566079
6580901
1811575
5448926
3123675
3823733
4156227
500906
4847419
2538967
6395732
6810191
1002960
4578094
5071156
639562
5099412
6715004
6953684
4369938
6735654
1165735
2303199
1374432
1719555
4465513
5059783
3006798
397224
6238119
5879779
3522418
4677057
7094862
6523397
6970158
6382
1520872
1500784
3704631
1249654
4206359
4268880
5990908
4521211
7273623
6674194
2448372
3178273
1671333
5529381
975892
5590517
5664030
2378056
353343
1867289
6778603
4904977
2003628
4522796
1418384
2158958
562386
407238
2462784
3830400
1281114
4273370
1079608
1594759
3034926
7226699
5752836
14038
1986374
3239678
3723968
1796357
5614798
7340245
6020785
1787198
4414673
1980793
2751015
5072037
743838
894701
6298622
3345393
2732560
7164593
6638729
1463313
3968657
1970545
479621
805088
7340060
6297397
6478538
1244810
6821668
6162817
5669584
5382164
6124650
906284
3326195
7144802
5479318
4246577
753257
2846907
6118795
3055214
1238542
4298878
607740
6641627
5501978
3505817
5929221
6185478
216410
7187320
3451464
1542451
5013795
967265
5392582
1102945
6847325
5699522
4571087
279165
6236870
4020438
4100978
3547742
2262401
545397
2851089
4364060
11452
7089840
5422537
6614138
4517581
3694538
3288567
4798352
7131994
259931
2772766
6194563
6320534
4044640
1829611
585165
1409630
2456500
5222263
4436809
1264158
2852195
6600370
5438881
5393064
122552
6384618
245556
2916140
1452730
7166480
844043
713638
143743
606163
2286309
5456671
1928028
3313068
6140819
770343
5167239
6582197
2946299
5798224
4796139
4018381
4819905
3389610
5444059
5800173
5233370
1407349
4518572
4642422
287650
7193475
5152890
1781690
7150700
6912632
7106450
4415443
5845322
1608009
2358034
2163224
7095875
5838775
5560689
405350
1654400
3558989
153798
7322055
4340761
2375129
486191
3633218
5490219
3840413
7097795
6915006
6607537
5409656
4979401
602917
2902409
3793358
1393179
6570888
3704864
2681307
5887566
1873295
1538713
2117210
3039372
5695877
845503
1733356
5308842
439427
1379917
6703934
5025937
1713106
4505826
845645
6469441
5212097
5561566
2812141
652779
1471452
6715804
5611511
371936
6172287
1053296
6421835
346688
5050448
758924
663725
6938831
3470941
2422719
3682792
2625767
663176
906634
176506
1668036
2192803
1341866
2652715
2884904
654506
4247908
4776043
2887908
2695070
998945
3214416
7251324
2037779
4984552
411007
2739586
5975812
149725
2449614
3747824
7170353
1655437
413745
2227789
3198429
3763733
3244212
6540232
3897224
1292063
3415752
6912354
6660237
7304411
3043112
530935
4969034
1445825
1500354
2618798
6018780
513999
2508562
5588795
147636
6354506
2129574
4118575
1890177
1327374
6130013
2583501
6331613
3823533
22966
1768248
7211029
1105750
7225402
1060959
5655434
1689757
1027924
5841656
7294125
4484468
1384368
4247319
4298071
7357370
6485538
5188716
6384281
3472597
4549740
3869781
4803937
2620117
3453034
6761229
634521
6815499
6523663
3566828
4565488
1344049
6346697
1412470
2137841
2890949
6785208
3427037
6060071
2272594
2458046
2212962
5376627
478932
6288102
5626428
1608212
409182
579416
2291278
6857967
4508579
1896436
3048967
2931187
5454939
5947910
2031349
86939
6364857
3030772
1216511
154517
5585957
6608410
3382958
1099415
781633
5222786
4800109
1200978
4939261
5789228
3144458
7138791
2003601
6363495
358484
219283
4888455
1496466
457617
4176317
13590
4747151
5312760
2084431
7355847
5330526
5311612
4688587
6999039
3309387
3246308
1548625
1874270
4870902
1001881
6996613
2306028
5634992
773994
5553732
5100094
839850
1062304
1891427
2181451
2526813
5557417
3069447
73535
7344544
1917977
4062504
1620273
2139117
5884304
3224742
4840264
586947
3065029
400924
6469870
2644303
4511712
2188410
4718971
4061699
3981975
5520760
3518920
3033275
871959
5193533
1981333
1734002
4621243
4820601
6672548
4681518
3451335
4118388
2001123
1990682
7334199
3211249
99657
2718799
6795456
3467218
5862799
1168670
7019205
5447538
647398
3400090
6956360
6437283
5768121
7253565
1349005
6979625
2795178
5875737
2300629
520442
2622527
6625780
1323678
5318195
584544
1913139
399638
1935959
4965622
5877394
5908379
399631
6381952
2063419
1309964
231697
259912
91901
860559
5666507
6366163
1269452
1478529
50576
793725
868604
1060305
220550
5468166
1723840
2664669
3023328
5131863
1544626
5555862
5609577
3214946
1223002
1700171
5934654
1626725
5251917
7067650
2104096
4023141
6178465
2172174
6430084
6931231
73598
4326327
3408541
3620909
5105362
4103344
1227856
926885
5999891
7102197
1364935
5456862
2537986
6912658
2488756
2292823
696680
5773487
1897283
4346207
4675661
3959706
1963251
3048205
1127136
5571907
3830711
976192
4516306
2903846
4900063
3473163
672840
4923704
1820112
1897134
1717719
579881
638037
1866697
6589861
6388990
3390151
5687449
4842637
1375209
1556042
1035827
749603
2111870
2857669
5395471
5200938
6683872
340498
2563237
366117
3610768
5037062
210646
4334564
5544895
97377
6546165
3009895
2198230
2466505
4395442
5230118
3573785
3133201
1414055
390808
4098401
5603491
1697530
2945704
6689102
6743355
1106477
2659916
6729237
5983099
1990183
3124421
4247542
2837059
5353078
6446377
1852547
906873
1104522
6969689
965680
4240000
845190
5032150
363691
2804741
4052295
4660654
808455
5856251
2837275
3853011
7055312
3205930
3322405
5474404
5670288
3488186
6948214
6679968
3732573
5983632
1003546
1481411
1683129
2935791
3490724
2527680
6897631
3078308
4100474
2159014
7123196
3646344
6835237
2499324
2570006
2162636
5754228
1118889
5227726
6753693
1709255
1639781
5229340
3376612
1229450
2731263
2498457
6720531
4880346
2490090
1207395
1318300
79681
3643408
3786969
6889231
6917674
4089533
5337088
6780882
3380876
7356510
2304325
7356517
1835231
6213713
7058437
769120
1031948
1064299
4945699
1795143
7179134
2824720
429394
1890154
5583655
7068716
5419721
216202
5412342
4583397
5948032
2282366
1875617
2008890
5177192
1830956
1720879
4757377
2362992
6255440
581251
6328499
1720875
3715897
4483545
7238396
3578745
3037128
5568760
1713532
2272605
4874169
5760555
4433551
1571948
2789174
1255487
4992489
6615033
4871418
6651062
5734003
4690866
4174953
6314139
2822566
5477607
1903305
3674545
3086977
6494792
3610975
1422665
2916620
3145755
2372566
6363703
1861300
5962864
508439
6814564
1810667
1008091
6489347
7203081
443805
3660361
5476734
3888820
5694840
323469
4872038
2258300
7256224
6566013
5603869
312933
7337367
1579227
3606778
6772752
3158372
1948446
1053622
5576482
6658307
5441416
3010840
7104156
5008142
4295789
6456897
4595498
7037763
4842792
3271815
4585632
1837689
5713105
6915769
5270931
6629284
152348
6040012
2243443
5938411
2199629
332011
7273599
886992
2708201
2385352
1961422
352470
1749638
2213999
3916492
1139781
2736793
4193831
1205632
3081585
2536778
644285
3789954
169654
1381279
421397
7314557
6613999
2598038
5922052
833001
5922057
5288487
6791083
107741
5829720
6555607
5336542
2499464
4377837
1469902
2762143
746751
1928965
3286032
4117023
338864
4240275
3234708
1257625
3523440
5526782
3038833
2402273
751563
3923158
1540692
3170871
4710815
3098915
1536232
793709
5414523
3521591
3348217
553291
5626873
1259074
946838
1856997
5376895
713670
7051488
1920423
5586206
6726243
4809716
13808
3672823
2206055
5459541
5452910
6771068
5058311
337615
3259800
3015406
160435
7050576
1947724
6768952
252462
475889
5098468
7352468
6328233
7353592
1064977
759839
337713
4186604
1739998
3216696
1726990
3660621
4696639
5226500
1307635
3043936
4554877
4585029
2458509
6435924
4426237
7112409
7332063
5389477
3877416
5939612
3947913
4177764
6858989
1040744
1053199
7186699
4430892
3913547
4014398
5762548
1392556
2596293
7307956
2230698
6723944
5165505
2039655
1747774
3517531
2053484
5885034
2722139
1775776
4945873
6719989
6249700
5860759
7114551
3191332
6072704
2335394
7149698
6402271
4783799
1084456
105060
3136017
6452121
5050261
2768767
4901355
4618714
1137846
3867375
1515544
1035125
3821937
1457235
261235
5851772
2127513
3637401
5772493
4483891
4223729
4556703
5057180
2842706
6905474
2017965
5937773
4640697
3992630
5481041
60687
2231566
4249275
3120235
1112577
5125474
3281581
7177685
5928904
1787076
6922567
1155895
2152648
1223568
4702901
2032335
5474395
5770093
2186521
3467643
1848216
3105537
2849976
1229558
5026052
5535628
3964643
4344171
3646368
6905384
1043329
4630170
3192469
7342340
5019357
981932
3835842
7143980
6381528
1850153
6190163
674852
4735212
4057702
1430886
4071205
1261585
5690400
7237399
5508851
5875047
883452
4829821
736
4531103
5126417
1384144
5438908
3235077
3026414
5908658
887752
4530273
1794570
4686279
3209100
2490998
643050
6894301
497213
1271424
5069272
3076181
5306892
3947141
4402364
48100
3981723
2753157
178849
1803368
2629144
6388548
7294167
6471163
6194669
3019537
405942
2468003
3630509
5103173
224275
2687011
4720348
2975604
5039218
398956
6735940
2480248
3614124
1858924
2223222
149949
1751488
7239938
4781650
5839807
7018476
4270597
3803513
4339042
2325870
7054422
2457688
5468973
4566431
610409
6428112
2118435
4389513
6029471
7004948
5166425
22073
404547
3661962
489249
4761099
4768582
486344
3826563
6372015
1001771
578580
6574827
2723453
6442206
6869399
5890596
6805173
3339777
5659812
3644842
959155
1005478
6833628
657390
5881457
7341066
5487475
2235259
4633803
2856872
6974326
7254348
2277455
5633649
4395320
3572611
3158351
478439
4567745
172009
6146018
4104235
5452583
5010650
2036091
2615081
6382179
6057051
85407
1252588
4552458
4834004
4830070
1838803
2911698
1158414
2855219
3593199
3593198
402863
3743209
2064095
5774527
2644343
4194809
418000
3974247
402497
512510
2569770
1400528
2217873
5216482
6791244
1908154
3133141
1184861
2468398
5202464
7315915
4838925
7311467
4229159
3829919
1872269
4208447
5895270
2178009
4374322
6198584
5507624
1671271
5596359
4685147
7343571
2422120
2851068
5900658
5668611
6163074
4712163
1118082
2648923
5090940
607726
4244688
2745749
3059707
144408
4360454
3111497
4608134
2890227
5684148
2324315
6932487
3982350
7138951
4442192
1568226
2296096
7268825
5483586
4809489
2305779
4828676
1361787
3847233
4131840
4788894
5720142
1525849
5576140
2212750
3936463
228943
3401900
4535160
2118219
6854288
4999363
1560618
4967155
5518163
1211798
770458
6327718
4022850
3237236
977605
1318111
2480740
2455678
7347500
4743269
2829452
