4144642
5273260
4819479
5971772
5863631
6493399
524492
2581114
809862
7199168
1729723
5849502
2544881
286164
973499
2733828
4498234
2270819
390656
4983149
302290
6216407
3271766
422889
3322589
7229777
6423032
4083901
5306522
4917225
6404915
6199797
1383966
772403
3011773
7217670
1359195
4429485
1862305
1218167
3600747
4127127
3569960
5421414
4210381
6521284
2419027
62606
4731148
6341744
6831011
966037
7080979
6921218
4622626
1980152
2018433
2114189
1020385
3464683
6707023
5889880
4943953
2917302
2989822
3856485
2271509
5684938
3136178
2467631
2804733
5662608
3731716
5681502
164024
4470716
3107597
4174789
6147688
5632614
2265390
2632031
418882
22210
1753258
5941019
309288
5513062
4513839
3383997
1970359
4886070
5772408
5953736
1292891
4310549
7119135
357466
1548033
6782821
3278989
4478021
6148622
4004587
3932776
6865101
5313587
2705531
4085650
212077
1669374
3415239
6261633
4542591
6727367
627981
6686703
4752933
5969281
6602113
1734277
4592333
3409408
6662406
5699897
7239539
3351753
970695
1064299
2939648
5861412
3858622
832559
3858336
3087381
3666839
2572765
1534306
1911281
1453574
523836
2297183
2696909
75725
3258311
5347931
6494572
1720656
1676622
2696901
2337494
6593607
3926684
5550882
652769
5603135
1595874
3592692
3928053
1060107
4633727
3175184
6695648
7097448
2507543
109156
1356155
2057319
6572873
7096101
3193942
3026548
873521
6132620
6670417
3792065
5199687
5570839
5126729
3145234
3145613
4060616
2025440
1705401
3517310
2687086
6318568
3403026
320658
3213825
5085702
1911352
6808020
5586307
160851
6765216
5559592
3782190
38318
4614823
3667039
2101675
4401845
467511
4901239
2533087
5981951
3613475
1005659
2368354
856774
4183773
3958285
1822009
5126436
1051311
4031071
6954902
2785948
2851068
543552
5646796
897101
100550
5907802
5118733
3342766
3432554
93060
2967401
5147613
1370996
2813324
4217347
3675668
7339437
2315918
3626717
2896817
5041464
6942659
3051182
2638648
3272774
6342046
6636567
752172
1153117
1949967
3055214
7215596
3667584
2957223
1189368
6971840
692315
6932879
4165139
3214407
3573564
7337923
6187890
1635827
6487428
4497199
7178427
1003579
1897283
4457384
4511903
4578750
1991596
2067405
3497992
6753099
6361518
413424
4280375
2910790
7175125
1189727
4680873
1280171
3450941
4866678
4532659
176904
3352301
2916256
2538199
4289294
6556949
3213530
7106561
5476734
2299227
2517176
245793
6935123
3237879
344874
2250644
5709588
2990880
5788281
303234
3785202
1435702
5806210
2210162
1379170
4740536
4602215
349788
4326487
1410523
948842
4734827
2372017
5422829
5171014
5140192
5053074
1824926
1665029
2777556
7023811
7337786
6232389
6776291
6070608
6666792
2751630
3515195
189742
6141324
1079981
3071308
3695390
812855
506554
3858207
774427
6181821
1190708
85728
6302034
1419006
5036488
1727926
4200977
3661750
2290898
358431
2352825
1818608
667012
1010738
6678778
3417377
800723
948146
1856142
6296506
4570529
3135381
7253310
4222099
3167747
4704670
337950
144225
565149
1603461
2849660
4734334
1026585
1249275
2267020
3758489
6716753
5134155
3266834
5403579
6009790
5066034
7296199
5963765
1567587
2957804
2673763
3058348
142059
1375970
5920623
901273
4116624
5161091
1615935
377843
1126864
2282175
3505628
1774778
5641645
6009163
2881966
4779639
1386890
7144213
2751904
4860291
1978521
7314554
5655139
3339777
4806087
880496
3171335
7243338
7047591
569641
5927576
5792997
6419075
3145646
3278747
623650
956929
1455012
5839507
7299815
3411159
3526346
3172874
5415155
2163224
2616248
5939890
5612089
3570772
4506264
5374357
2836394
6746821
4950740
6789042
2431776
2945371
363550
7181290
1263930
2330524
4810586
3049584
3192469
1258885
914886
648340
2361531
4267401
2030420
1059466
1818904
6093615
139303
3759685
248282
2775983
4339470
5586696
5233806
6649796
6660538
260644
2015928
5616985
1238802
6951720
6168233
6963031
2317432
3583699
4044954
5366186
7286085
819144
7052611
1961775
3248268
4834013
2367311
4568294
4624557
916272
1912528
6311975
1117342
1895463
6771541
6313409
4036944
3796193
946450
2274483
2387172
7103855
4026500
1508265
4068581
4931775
2029995
6079595
4971969
6760644
3326737
891311
286922
3625762
3400827
2123174
1224471
4352855
5139497
2319358
1207541
4173248
4588481
5572965
4838343
5757513
4246507
3376998
2700035
1356129
145823
5491969
1532773
5863492
1674988
6914966
4593955
6512368
5320761
808934
5631577
5655433
5977895
462418
28951
2987514
5356064
5189073
1313938
1632727
6551357
6759819
2012960
3219114
5333921
4148875
4656457
2508312
2859350
1498531
2823106
2584551
5118344
1397946
6091433
6397495
2808817
6646683
3940967
4618841
1697057
5431172
218994
2936284
3258755
6210616
6609981
3693846
4886149
1487315
5263996
2162231
7298265
125941
3089991
4402023
1708699
4696639
5335965
4389490
981843
5867368
7262393
4878279
1478378
833654
1129987
7309760
2397116
5829237
1199433
4024119
5373932
4459781
432373
1467894
6418633
7259427
4557036
3038537
5503962
3161708
4509880
5642019
497977
2702822
2982909
1504332
1218393
2032573
2258473
5690577
4833425
6911152
4365547
6366430
3530606
7189786
6959554
3427361
4260155
5480485
5497547
757719
5171657
3538055
5617091
2657510
1600295
6754498
5165505
1179633
4993805
6130261
2009045
751405
4808051
4905579
3164824
33836
5318681
5270474
5472581
4686924
6163670
2697494
2735034
283143
1614879
6026655
3641431
3056336
2770461
6247973
4383860
3981638
4007045
3806020
6882279
4423603
72031
3246321
2489773
4506226
6992134
4621495
4738891
3367158
5819975
2366865
2129695
3217388
1387787
3517444
2026492
3368723
7053106
4461150
5239135
5821579
4126142
5618863
1466771
971432
2993952
3942111
3602302
5156845
1796245
6242566
6332527
4780940
6941767
3620279
719643
7024934
6834705
6012890
2391360
153526
3639055
3682338
5239003
586237
5153685
2929817
4408119
3340687
1148834
5924751
5544274
5961233
19353
2473596
4704107
1002720
4217360
4381019
4485389
5937624
5489308
6590957
4200715
6119984
3807240
6688639
6357106
3141260
452454
3569343
4757152
7233129
3916321
2829312
1158865
5151164
1574309
3781534
4193981
3322384
486006
3383823
2143622
2548783
5542004
1618968
1708507
4654266
2159335
1860781
3571687
712541
1621950
1752251
4819937
3923861
1390482
1736035
4450592
3129323
5459272
5944470
3910494
4573896
2803064
465787
3469944
3639260
6344376
2846049
2729320
199875
1639098
369837
3431635
4076173
3451397
4966012
2483275
6331469
3571142
6636678
3161210
2783588
244921
2926745
7178944
3771577
6638405
7197748
4944207
248859
920226
3929399
530337
6200113
5591009
300777
6668565
1124762
3687948
3910359
3473015
7139975
5098468
989878
7160229
1223163
6960664
4832879
3065876
5070813
2669073
2689719
6622438
426502
1619344
2180653
2613653
494892
179897
6385566
628197
3388584
738
6742646
2717638
7283671
3245403
5997383
4339262
2134744
3565288
1529067
7202293
2532760
2060026
7300080
4022922
2159360
4816848
980335
292583
59351
4382192
791626
1439065
4144321
6312283
1570089
2739000
6909655
3973822
180640
2525264
4314404
464475
1148482
4688223
4005065
6688071
7268271
5572092
5717657
1519785
574822
3938470
4864658
6783247
5805240
73136
3032473
916941
6941342
2734303
4592348
3252871
4378921
5591903
4183076
5442821
2811487
5433305
2172783
6604006
6138205
4090645
7269153
2265356
3019537
80390
6903100
4817921
3663330
2082490
4812430
1118576
3121176
7210932
4849757
49644
3603754
1703828
3567255
4325711
6942748
1812225
5076080
6718139
4206295
2596027
3659180
3614124
3061076
2687868
6552228
1594759
5991304
4817775
6812539
1052643
2352481
6469870
3601708
4181559
2812271
1314115
963587
1254753
995538
3161536
3418164
6347010
1092892
2748470
6531274
3315573
3331718
2254328
2291444
2457688
4187713
1806258
3922992
4412848
5657834
6071281
5536018
518930
953843
2096056
4678928
217965
5977826
1974682
5702681
4359748
484727
2002346
86430
6968467
3527549
3682152
1995569
1645597
5919685
6540152
4727039
746641
7186904
2610957
6115746
5095075
7285527
326986
4130957
6288039
6190098
2238389
673023
2600649
2107821
6103460
2529561
7068700
1589445
3094452
3930889
427249
1688335
4061889
2830269
3272622
1335962
2613424
3753139
1986727
3840501
5275373
2777831
5143329
6758196
2957048
3573076
1113893
590835
1278554
1224078
5719105
3315345
3955386
2742993
4833485
534196
3022274
3920374
6798585
875782
6342809
6318797
424422
3782631
6571350
511637
2981286
441541
643136
5857353
4623571
6079511
6498152
4333445
6985583
1588652
2616782
1857860
2993472
6976030
996403
6568590
6160226
3146852
795004
2517984
1125547
1958857
6916605
3515764
4106280
6859099
1129095
3979010
7214330
6374035
3012058
740395
5546467
7293535
7185470
5425714
1491465
6767362
378450
2513099
6118531
1407761
5301481
4783082
5027022
1645646
6431135
717311
2600832
1615120
7135815
3666832
6492269
2773574
4425808
951521
6380336
5755118
1117018
1076692
5655966
5452737
451907
6907803
1525173
7114389
1852281
4553289
6415263
3802267
3141313
5508542
6028407
4644547
7102197
2593773
3212041
3855365
1833625
466761
4321860
3314432
4156894
6129285
1425167
2127174
3267472
1431601
3421379
6655437
3689328
6093586
117574
3567174
3280313
3314736
2994002
4101625
3229109
3169218
3642711
1877124
6458342
6521767
7311700
1483702
4015926
4657422
649392
2039037
3165084
752065
2915084
6994584
745731
7265998
7253880
4685147
6452364
2213059
4296093
5361767
2136495
5487975
512108
1581689
2142424
2018669
933002
6305575
216428
2683682
6592276
7090968
2391853
935350
5800696
2126931
3907060
3059707
2068963
1066249
3392023
3786969
4861838
6344916
2042877
1202
6717080
3012406
6070319
7029706
4442192
6156675
1421917
6610187
5537333
5773364
4934274
2611191
1495515
3567936
6952534
5607824
101149
3924946
3239254
1127550
4202248
4430807
2157153
3595988
1212759
3286437
6466311
1304941
1311229
6025717
1600321
4521890
5164826
6551875
5682447
1489446
2535436
1782245
2045236
6236509
704181
3926082
5866807
2277546
455419
1717407
146594
1556789
3189210
3400685
2678694
2308279
6860507
5777315
5984694
5135218
2118816
2591937
2961831
2381402
2215797
5734088
2507295
6662287
2911540
204511
992411
7145193
3872419
